Sexo Masa Per_abdo Long_pie Long_man Estatura
Hom 77.4 103 26.3 18.8 165.4
Hom 85.5 92.8 25.7 18.5 176.6
Hom 91.6 104 26.5 20.2 172.4
Hom 77 87.4 25 18.8 173.3
Hom 65.8 82.3 25.3 19.2 165.3
Hom 71.1 89.8 24.4 18.2 163.8
Hom 69.1 89.3 25.5 18.2 165.7
Hom 74.9 92 24.5 18.3 162.6
Hom 73.6 88.9 25 17.8 170.4
Hom 56.2 75.4 26.3 19.3 171.1
Hom 79.1 91.3 25.2 18.8 170.8
Hom 87.4 91.2 27.8 20.5 179.9
Hom 63.1 81.1 25.4 18.5 166.5
Hom 70.6 85.1 24 18.7 166.4
Hom 78.8 82.4 27.2 20 173.6
Hom 61.9 80.7 25.3 17.4 163
Hom 52 67.9 24.5 18.6 166.8
Hom 72 88.9 23.6 17.6 164.9
Hom 74.8 88.5 25.6 18.7 172.8
Hom 60.1 78.6 24.8 17.5 170.1
Hom 84.8 102.3 25.4 19 170.2
Hom 66.2 86.9 24.5 18.7 165.8
Hom 88.9 104.4 24.5 18.4 167.4
Hom 67.5 88.2 26.5 19.6 173.7
Hom 85.5 98.6 25.1 19.4 173.9
Hom 95.3 113.6 26.1 19.2 169.1
Hom 75.4 92.6 25.1 18.1 170.1
Hom 77.5 97 22.9 16.6 160.7
Hom 66.8 89.3 25.6 19.3 162.2
Hom 83.5 96.7 25.2 18.2 166.5
Hom 80.6 86.3 27.4 20.3 178.8
Hom 74.9 92.9 24.4 17.8 162.4
Hom 84.2 95.9 24.2 18.6 171.6
Hom 70.4 84 25.1 18.7 170.8
Hom 82.3 88.2 26.3 19 182.6
Hom 87.3 105 25.3 19.1 169.4
Hom 94.9 102.3 25.1 19.2 166.6
Hom 87.8 96.9 25 18.7 169.8
Hom 71 88.5 24.2 17.6 162.8
Hom 83.1 92.3 26.1 19.7 174
Hom 84.6 101.9 27.1 20.1 172.7
Hom 64.3 80.6 25.5 18.6 173.5
Hom 79.7 91.2 26 19.6 173.9
Hom 64.8 74.4 24.4 18.1 172.8
Hom 65.3 82.9 23.7 18.2 159.3
Hom 69.1 78 26.5 19 176.8
Hom 69.2 87.4 26.4 19.1 170.5
Hom 58 74.4 26.1 18.5 165.4
Hom 57 76 24.5 17.4 165
Hom 87.4 98 25.3 19.2 166.5
Hom 83.4 89.8 27.3 19.5 184.1
Hom 71.4 83.4 25.4 18.6 176.7
Hom 81 95.6 25.7 19.6 179.5
Hom 89.2 97.3 26.2 19.6 173.6
Hom 84.1 95 24.4 19.3 169.3
Hom 75.8 88.2 25.5 19.1 172.9
Hom 87.9 91.8 27 19.2 177.1
Hom 117.3 111.5 26.8 19.2 181.3
Hom 74.2 84 26 19 176.6
Hom 74.6 95.7 24.6 17.6 164.6
Hom 80.3 92.3 25.1 17.3 171.4
Hom 61.6 76.5 26.2 18.5 178.7
Hom 66.8 83.4 24.2 17.7 163.1
Hom 72.7 93.1 25.8 18.8 170.3
Hom 83.5 100.8 24 18.3 166.2
Hom 59.4 79.8 24.5 17.5 166.4
Hom 79.8 91.1 26.7 19.3 177.7
Hom 65.5 90 24.5 18.3 160.9
Hom 91.8 99.2 24.6 18.7 175.7
Hom 76.1 88.3 26.5 19.1 177.3
Hom 74.4 93 25.1 18.3 166.5
Hom 81.5 98.3 24.6 17.3 162.2
Hom 78.7 92 24.8 17.8 166
Hom 80 98.7 24.9 18 170.4
Hom 75.1 83.9 25.7 18.9 174.5
Hom 101.2 104.3 26.1 20.2 179.5
Hom 87.2 96.2 25.4 18.4 170.2
Hom 67.7 86.2 24 16.9 163.9
Hom 78.4 87.7 27 19.8 179.3
Hom 63.8 75.1 27.9 20.4 184.9
Hom 72.5 86.2 24.6 17.8 168.1
Hom 91.9 99.1 25.3 19.4 175.9
Hom 66.6 84.2 25.9 19 171.6
Hom 59.4 89.4 24.3 18.5 164.8
Hom 100.5 107.7 27.2 20.9 178.1
Hom 66 77 25.1 19.1 177.1
Hom 69.6 80.4 25 18.3 170.5
Hom 70.5 89.3 23.5 17.8 164
Hom 66.7 78.5 26.9 18.9 168.1
Hom 71.9 88.7 23.9 17.9 162
Hom 72.2 85.7 26.9 18.5 173.8
Hom 77.5 91.2 25.7 18.9 171.1
Hom 84.6 92.3 26.7 19.6 175.3
Hom 95.4 96.3 27.1 20.2 183.6
Hom 54.9 77.5 24 17.6 157.9
Hom 81.1 93.8 27.2 19.6 177.7
Hom 104.4 102.4 26.9 19.5 186.6
Hom 72.8 78.2 27 20.3 179
Hom 54.6 68.6 23 18.3 159.5
Hom 72.7 86.5 27.2 19.6 174.5
Hom 81.7 87.6 27.2 19.9 185
Hom 67.2 77.6 25.2 18.5 172
Hom 75.5 84.8 25.1 18.7 174.5
Hom 78.9 81.8 28.1 20.8 180.6
Hom 66.5 79.7 24.7 18.3 169.5
Hom 86.9 94 26.1 19.1 176.3
Hom 80.2 96.1 24.6 18.6 168.2
Hom 68.7 81 26.3 19.7 174.5
Hom 75.8 87.3 26.3 19.5 176.1
Hom 61.2 77.3 25.2 18.5 168.7
Hom 70.2 82 25.4 18.3 171.2
Hom 63.6 70 28 20 187.7
Hom 80.2 91.1 25.2 19.5 176.6
Hom 65.4 81.1 24.2 18.1 168.6
Hom 103.2 90.9 28.8 21.7 194.5
Hom 79.5 91.7 26.3 18.8 173.5
Hom 74.7 90.3 25.6 18.6 168.5
Hom 51.8 70.1 24.1 16.9 155.9
Hom 71.2 85 25.1 19.6 172.8
Hom 72.7 86 25.2 18.4 166.4
Hom 80.9 84.7 25.5 18.4 173.3
Hom 64.8 84.4 24.8 17.7 161.8
Hom 68.7 84 25.6 18.7 177.3
Hom 69.2 73.2 28.1 20.2 192.8
Hom 48.6 68.2 24.4 18.1 168.2
Hom 72.1 82.2 25.9 19 175.2
Hom 78.8 98.7 27.7 20.1 174.3
Hom 76.8 89.4 26.3 19 171
Hom 68.2 82.3 27 19.7 174.5
Hom 53.4 69 24.7 17.9 171.8
Hom 51.3 69.6 23.4 17.8 162.4
Hom 78.1 84.6 26.1 19.2 176.6
Hom 75 79.6 26.4 19.8 175.6
Hom 74.6 90.4 26.4 19 173.4
Hom 63.4 83.9 24.5 18 166.1
Hom 64.8 84.6 24.2 17.7 162.8
Hom 75.3 97.2 24.3 17.8 167.7
Hom 70.8 84 24.9 18.5 163.8
Hom 80.7 98.1 24.1 18 169.2
Hom 114.5 105.2 25.7 19.1 183.6
Hom 67.9 86.4 24.7 18.8 172
Hom 92.4 100.4 28 20.7 185.4
Hom 66.7 75.3 27.2 19.8 176.7
Hom 71.9 86.2 26.2 18.9 164.2
Hom 81.4 95.6 25.1 19 175.6
Hom 63.7 77.5 25.4 17.8 173.9
Hom 63.4 81.1 26.1 18.9 170.4
Hom 79.3 91.3 25.2 18.4 173.5
Hom 85.1 97 26.2 19.2 172.4
Hom 56.8 77.9 25.5 19.1 176
Hom 68.6 83.2 26 18.1 168.7
Hom 101.6 114 26 19.2 160.7
Hom 75.4 98.6 25.5 17.8 166.2
Hom 78.3 95.4 25.9 19.7 167.7
Hom 83.9 100.4 27.1 18.9 181
Hom 79.3 91.3 24.9 18.4 169.4
Hom 86.4 97 25.2 17.8 170.6
Hom 54.6 69.2 25.1 19 179.8
Hom 84.3 93.5 25.8 19.9 175.3
Hom 76.4 91.2 25.6 19.5 172.2
Hom 77.2 95.3 24.3 17.8 164
Hom 77.3 91.1 24.8 18.1 168.7
Hom 78.4 93.4 26 19.7 168.7
Hom 55.8 67.9 25.7 18.4 165.9
Hom 73.5 86 27.9 20.2 183.1
Hom 80.2 101.1 23.2 17.6 168.5
Hom 88.7 103.7 25.5 19.5 171.7
Hom 69.1 84.4 24.5 18.3 166.8
Hom 57.6 73.3 25.4 17.9 171.1
Hom 70 86.3 24.5 19.2 168.4
Hom 87.5 95.9 26.6 19.8 173.5
Hom 75.4 98.2 24.5 18 157.9
Hom 57 73 25.8 18.9 168.3
Hom 91.9 92.5 26.7 19.6 179
Hom 89.5 105.1 25.7 19.3 168.6
Hom 69.6 78.7 27.6 20 172.6
Hom 66.9 76.3 26.5 19.1 174.6
Hom 53.9 70.9 24.5 18.1 166
Hom 53.1 66.3 24.6 18 173.4
Hom 67.2 78.8 24.4 17.5 165.7
Hom 81 94.3 26.8 19.6 173
Hom 78.3 90.8 25.2 19.1 172.2
Hom 72.5 80.5 26.1 19.1 181.8
Hom 66.1 79.2 26.2 19 168.7
Hom 70.2 85.3 24.9 18.1 169.9
Hom 72 87.2 26.2 19.9 174
Hom 72.6 84.9 25.2 19.6 171.2
Hom 95.5 99.6 25 19.3 172.2
Hom 111.9 110.4 28.9 19.6 183.8
Hom 80.5 96.2 26 18.7 169.9
Hom 71.6 91.1 25 17.9 164
Hom 64.8 86.4 22.4 17 160.8
Hom 84.3 102.9 26.4 18.5 170.9
Hom 68.1 83.4 26.5 18.9 168
Hom 78.3 89.4 26.2 19.4 173.7
Hom 74.1 86.8 27.4 19.1 172.2
Hom 64.3 88.7 25.4 18.3 166.4
Hom 65 79.5 26.6 19.5 172.3
Hom 70.5 95.2 23.2 17.8 163.3
Hom 87.7 93 25.9 19.4 176.6
Hom 86.9 94.1 24.9 18.5 176.3
Hom 78.7 95.8 25.6 18.8 168
Hom 69 88.2 25.1 17.8 165.5
Hom 80.7 97.5 24.8 18.3 170.1
Hom 91.6 89 27.2 20.5 182.4
Hom 71 82.3 26.4 18.5 175.1
Hom 76.3 84.6 25.2 18.5 174.7
Hom 68.9 91.1 26.5 19.1 178.2
Hom 73.3 83.9 26 19.3 178
Hom 59.6 73.5 25.2 17.7 168.3
Hom 66.7 94.9 21.4 15.9 144
Hom 68.1 83.4 23.9 18 164.1
Hom 82 91.1 27.3 19.5 181.3
Hom 77.3 87.7 26.4 19.2 172.8
Hom 69.6 86.3 25 18.8 163.4
Hom 89.4 91.5 26.3 18.9 175.3
Hom 74.6 84.7 26.1 18.3 177
Hom 79.3 93.9 26.1 18.8 174.1
Hom 66.4 80 26.1 19.4 172.4
Hom 62.2 76 25.2 18 171.4
Hom 54 74.3 25.3 18.6 166.6
Hom 65.1 79.5 24.9 18.2 164.8
Hom 72.9 83.3 25.4 17.8 169.5
Hom 76.1 85 25.6 18.7 182.3
Hom 88.1 100.1 26.3 18.4 170.3
Hom 68.7 80.7 25 18.8 169.2
Hom 70.6 82.9 25.6 19.2 164.2
Hom 78.7 91.5 26 19.2 166.9
Hom 62.7 76.4 26.2 18.5 172.4
Hom 63.9 75.3 24.5 17.3 167.8
Hom 67.4 79.6 26.2 19.8 175.9
Hom 51.7 71.9 25.7 18.2 163.9
Hom 65.4 83.7 24.7 17.2 161.7
Hom 69.4 79.7 24.4 18 169.9
Hom 58.7 72.5 25.2 18.7 167.3
Hom 66.5 86.3 25.5 18.4 170.3
Hom 57.2 78.3 24.9 18.9 160.5
Hom 75.3 89.5 27.2 20 173.4
Hom 56.9 74.1 25.2 19.6 169.6
Hom 69.4 82.4 25.5 18.8 173.2
Hom 62.5 79.3 26.2 18.1 171.7
Hom 58 80 23.5 17.1 159.8
Hom 72 96.2 24.8 17.9 165.9
Hom 89.6 96.9 27.4 19.9 174.3
Hom 81.8 92.5 27.8 20.7 174.3
Hom 63.7 79.3 25.2 18.5 166.9
Hom 72.5 88.1 23.8 17.5 166.3
Hom 78.1 85.8 27.5 20.1 168.6
Hom 58.4 72.5 26.2 18.7 170.1
Hom 73.6 91.7 24.8 17.6 162.1
Hom 73.3 90.3 24.5 18.7 167.4
Hom 53.2 72.3 24.3 17.8 163.3
Hom 58.8 78.2 24.6 17.7 162.3
Hom 66.6 85.1 24.1 18.1 168.2
Hom 71 82.5 27.9 19.8 178.9
Hom 87 93.8 27 20 179
Hom 72.9 84.4 27 20.5 175.2
Hom 63.4 77.2 26.4 19.1 176.4
Hom 62.5 74.2 25.3 19.2 173.7
Hom 87.9 98.9 25.9 19.2 171.8
Hom 67.4 87 27.6 20.1 170.8
Hom 65.8 77.5 24.2 18.3 168.7
Hom 59.5 79.5 24.9 18.1 165.4
Hom 76.2 82.7 27.7 21 181.1
Hom 54.5 74.2 23.9 17.9 166.9
Hom 62 77.9 25.8 19.3 170.2
Hom 78.7 82.2 25.6 18.6 178.3
Hom 60.5 77.5 24.7 18.1 165.1
Hom 66.8 77.7 27.2 19.5 174.4
Hom 72.1 86.5 25.4 19.4 168.5
Hom 58.8 73.5 26.5 18.6 178.3
Hom 60 72 28.4 19.6 176.1
Hom 65.8 78.4 25 18.3 164.7
Hom 60.4 76.6 25 17.7 166.1
Hom 66 90.1 24 17.9 159.9
Hom 70.9 86.8 24.3 18 168.1
Hom 69.2 84.8 25.1 18.2 165.7
Hom 58.4 80.9 23.6 17.5 159.5
Hom 67.4 76.7 27.5 20.2 180.6
Hom 67.5 84 25.7 18.8 166.6
Hom 74.6 88.1 25.6 19 164.4
Hom 92.1 96.6 27.6 20 176.8
Hom 71.3 86.6 23.8 17.7 164.7
Hom 101.2 101.3 27.8 19.3 178.7
Hom 69 83 25.5 18.4 168.6
Hom 62.1 81.4 26.2 18.6 169
Hom 83.7 101.3 23.6 17.4 160.3
Hom 76.5 82.2 26.5 18.5 171.3
Hom 80.9 94 25 18.5 168.5
Hom 64.2 74.2 24.1 18.6 168.8
Hom 58.9 78 26.8 20.2 174.5
Hom 87.8 96 25 19.1 176
Hom 71.4 92 25.1 18.8 160.4
Hom 55.4 72.2 23.4 18.6 172
Hom 67.2 77.3 26 18.2 171.4
Hom 78.7 86.6 26.4 19.3 178.1
Hom 51 73.6 24.2 18 162
Hom 85.7 91.8 27 19.7 179.1
Hom 58 68.2 25.5 18.8 171.6
Hom 63 75.1 26 18.7 167
Hom 75 83.1 27.3 18.9 176.3
Hom 58.3 73 25.2 18.7 165.4
Hom 65.6 78.1 24.1 17.6 170.8
Hom 55.5 70.9 26.5 19.4 172.4
Hom 64.2 79.6 26.3 19.7 169
Hom 63.1 76.5 24 18.2 168
Hom 64.3 78.6 24.1 17.7 164.4
Hom 60.4 78.6 24.6 18.4 167
Hom 54.1 77.1 23.3 18.1 156.5
Hom 64.6 78 28 20.1 176.2
Hom 64.5 74.1 25.9 18.4 178.3
Hom 62.8 71.6 24.9 18.1 169.5
Hom 60.6 75.7 24.3 17.5 167.2
Hom 54.5 72.1 24.2 17.2 165.1
Hom 66 73.3 25.9 20 176.4
Hom 61.3 80.3 23.3 17.5 157.1
Hom 57.9 72.4 24.1 17.4 163.6
Hom 68.1 77.8 24.6 18.6 172.1
Hom 72.7 79.1 26.5 19.4 176
Hom 56.8 68.2 24.3 19.2 166.9
Hom 56 74.5 25.1 18.4 165
Hom 78.6 84.5 26 19.5 167.9
Hom 61.3 79.8 24.5 17 161.5
Hom 80.7 91.3 25.2 17.4 170.7
Hom 74.6 76.2 27.2 18.5 181.2
Hom 63.1 77.1 24.2 17.9 167.8
Hom 81.2 85 26.2 20 174.1
Hom 80.6 88.3 24.5 18.5 166
Hom 51 70.3 24.1 18.7 168.6
Hom 70.8 78.6 25.5 19.6 167.7
Hom 78.8 82.6 25.3 18.8 169.5
Hom 72.9 79.5 25.2 19.2 170.4
Hom 68.7 76.9 26.7 18.7 172.4
Hom 63.6 83.2 24.2 17.9 167.5
Hom 59.2 76.3 24.6 19.1 163.6
Hom 65.9 83.4 24.6 18.5 166.1
Hom 61.4 75.2 25.5 19.1 167.6
Hom 71 91.6 25.8 18.2 165
Hom 58.9 70.5 25.8 18.2 170.2
Hom 82.7 100 24.5 18.3 157.5
Hom 78.6 82.9 27.7 19.9 183.4
Hom 62.5 83.6 23.6 17.4 164.4
Hom 79 91.1 26.4 18.5 172.5
Hom 68.3 75.1 26.8 19.3 181.4
Hom 71 82.4 25 18.9 173.2
Hom 72.5 92.6 24.8 18.3 167.9
Hom 57.5 76.9 25.6 19.3 170.6
Hom 54.4 81.1 23.4 18 154.4
Hom 69.2 85.1 24.4 18.3 174.4
Hom 66.3 78.7 25.8 19.9 177.5
Hom 86.6 98.1 25.3 19.2 168.6
Hom 61.6 78.7 24 17.7 161
Hom 79.5 94.6 25.1 18.5 170.6
Hom 54.4 79.8 24.3 18 164.1
Hom 76.8 91.9 26.5 19.6 169.4
Hom 87.9 89.3 27.5 20 178.2
Hom 69.9 90.7 23.6 17.7 162.1
Hom 80 88.1 25.1 18.8 174.5
Hom 77.8 87.6 26 18.6 172
Hom 74.8 86 26.6 19.3 174.4
Hom 70.4 90.5 25.7 18.1 171
Hom 63.7 82.1 25.9 18.9 168.5
Hom 70.2 75.7 26.3 18 177.3
Hom 67.9 87.2 24.4 18.1 168.2
Hom 65.3 80.2 24.3 17.6 168.5
Hom 54.6 67 25.3 19 178.3
Hom 80.3 86.8 27.9 19.4 179.2
Hom 71.5 88.4 25.6 18.6 169.9
Hom 64.5 84.6 24.1 18.3 166.2
Hom 77.7 102.5 24.3 18.9 165.6
Hom 69.7 94.4 23.5 16.6 157.1
Hom 55.1 79 21.9 16 151.4
Hom 87.8 108 24.2 18.2 165.5
Hom 61.1 80.9 22.8 16.5 154.4
Hom 71.2 89.5 25.1 18.7 168.2
Hom 56.6 75.6 25 18.4 167.5
Hom 56.6 75.6 25 18.4 167.5
Hom 75 87 28.1 20.5 173.5
Hom 73.8 89.1 24.7 19 173.7
Hom 78.1 94.3 26.7 20.2 169.9
Hom 72.4 93 25.2 18.2 161.1
Hom 57.1 73.1 25.1 17.3 165.8
Hom 78.2 84 26.5 19.3 178.7
Hom 59.9 75.9 23.8 17.3 164.8
Hom 79.7 95.9 26.1 18.8 174.3
Hom 89.8 92.4 26.2 18.7 176.3
Hom 78.6 92 24.3 18.9 169.5
Hom 61.7 73.6 27.8 19.2 180.9
Hom 81.9 92.3 26.3 19.1 170.8
Hom 71.1 89.5 24.9 18.6 164.4
Hom 79.7 88.7 26.2 19 172.4
Hom 61.3 72.5 25.4 18.2 166.8
Hom 67.1 89.5 22 16.4 160.8
Hom 80.2 86.3 26.2 19.6 174.4
Hom 67.6 80.9 25.1 17.6 168.3
Hom 62.9 81.1 23.9 18.1 163.8
Hom 47.6 66.8 23.2 17.2 161.3
Hom 67.7 83.3 24.5 18.3 164.3
Hom 71.9 90.9 24.4 19.1 170.4
Hom 66.8 75.8 25.1 19.1 172.1
Hom 78.2 81.5 24.8 17.8 171.6
Hom 68.8 80.4 26 18 169.5
Hom 76.8 86.3 26.8 19.2 170
Hom 75.6 86.8 25.3 17.3 170.5
Hom 54.5 72.6 23.9 17.2 160.4
Hom 69 84.1 25 17.2 165
Hom 65.7 87.7 24.3 16.6 157.3
Hom 53.4 78.8 21.9 16.2 152.6
Hom 68.2 83.9 24.2 18.3 167.5
Hom 75.6 85.8 25 18.2 167.3
Hom 93.3 103.1 25.7 18.1 162.6
Hom 80.8 76.5 28.4 21 188.2
Hom 63.3 75.8 25.4 17.8 170.4
Hom 60.1 86.1 25 18.3 165.4
Hom 66 82.1 25 19.5 165.1
Hom 90.8 95 27.4 18.4 174.6
Hom 50.2 70.7 24.4 17.8 166.3
Hom 68.6 85.4 26 18.7 174.9
Hom 74.7 84.2 23.9 18.2 165.4
Hom 72.7 82.2 26 18.7 171
Hom 51.3 67.7 23.7 16.8 159
Hom 59.6 75.1 24 18.3 165.9
Hom 60.8 75 25.2 18.8 163.9
Hom 68.2 78.6 28.2 20 185.7
Hom 59.3 76 25.7 19 174.2
Hom 67 81.3 24.6 17.9 168.4
Hom 63 76.6 25.3 17.8 166.2
Hom 81.3 86.2 27.7 19.5 174.6
Hom 68.6 79.4 24.2 18.5 172.6
Hom 49.6 74.2 24.4 18.2 155.2
Hom 66.4 81.1 24.8 19 170.8
Hom 61.5 74.4 25.6 19.1 168.2
Hom 60.4 73.6 25 18.4 165.7
Hom 55.8 70.3 23.1 17.5 164.6
Hom 66.1 77.5 24.1 17.2 167.2
Hom 62.3 77.6 26.4 18.7 170.8
Hom 71.7 75.1 27.5 19 184.7
Hom 59.4 75.5 24.7 17.8 166.4
Hom 78.1 83.3 27.3 19.4 178.3
Hom 64.6 77.4 26.5 19.1 169.2
Hom 67.2 77 24.1 17.8 163.7
Hom 84.4 91.3 25.3 17.2 173.4
Hom 75.8 88.2 25.1 17.7 168.4
Hom 77.4 98.1 24.8 19.3 160.3
Hom 70.9 90.3 24.7 17.6 165.5
Hom 64.1 86.1 24.4 18 162.1
Hom 50.7 69 25 17.5 165.7
Hom 57 79 22.9 18.2 164.5
Hom 73.2 93.7 25.4 19 166.2
Hom 91.8 92.1 25.9 19 167.2
Hom 77.1 87.1 26.6 19 171.5
Hom 81.2 96.6 25.5 18.3 168.4
Hom 82.6 92.3 25.5 18.3 172.3
Hom 66.4 78.2 27.6 19.2 183
Hom 55.6 71.2 24.1 18 166.5
Hom 66.4 82.3 26.1 18.8 166
Hom 63.1 80.6 24 18.5 164.4
Hom 78 91.2 25.3 17.7 172.6
Hom 66.4 84.9 25.9 17.4 168.7
Hom 72.9 83.2 26.9 19.7 178.7
Hom 77.4 90.2 24.7 17.1 169.5
Hom 72.8 81 26.4 19.7 174
Hom 69.6 84.4 24.9 19.1 171.7
Hom 70.9 93.5 24.4 17.3 160.6
Hom 60.5 74.4 25.5 18.8 167.5
Hom 83.7 88.7 26 19 173.3
Hom 73.7 87.6 24.1 18.1 174.7
Hom 85.5 95.6 27.2 19.4 177.2
Hom 44.5 67.4 23.1 17 157.7
Hom 63.4 80.6 23.6 17.4 163.8
Hom 64.2 78.5 25.2 18.6 170.1
Hom 83.8 99.3 26.8 19 175.3
Hom 63 79.2 24.1 17.2 163
Hom 68.2 82.5 25.4 17.8 167.7
Hom 55.9 80.2 24.4 18.4 160.7
Hom 89.2 103.2 26.1 19.2 175.7
Hom 65.5 95 23.3 18.5 156.6
Hom 57.4 71.5 26 19.7 172.6
Hom 69.2 78.4 26.6 19.2 178.4
Hom 49.1 67 24.3 18 165.3
Hom 68.5 81 25.1 18.2 175
Hom 60.2 85.5 23.2 17.1 162.4
Hom 88.4 92 27.7 20.4 185.8
Hom 81.1 101.9 23.7 17.3 159.7
Hom 66.1 78.8 25.7 18.9 167.2
Hom 78.2 89.3 23.7 17.8 168.9
Hom 56.2 76.1 24.4 17.2 167.5
Hom 67.1 78.4 25.6 18.2 169.7
Hom 66.6 76.5 27.5 19.5 177.4
Hom 82.3 96.8 26.2 17.2 166.6
Hom 76.2 84 26.3 19.4 173.6
Hom 88.2 92.6 26.2 19 176.6
Hom 63.8 79.8 24.4 18.4 170.8
Hom 77.7 96.8 26 18.5 169.4
Hom 89.7 100.1 23.2 17.3 164.5
Hom 73.9 91.7 25.2 19.2 166.4
Hom 66.8 81.1 25.8 18.8 167.2
Hom 61.2 76.7 24.7 17.5 167
Hom 76.1 86.8 26.5 18.6 173.7
Hom 65.8 86.1 23.2 18 165.3
Hom 71.2 82.7 23.5 16.9 165.6
Hom 53.4 78.3 22.8 16 156.1
Hom 49.8 66.4 24.6 17.4 165.1
Hom 69.3 81.4 26.3 18.6 164.9
Hom 69.2 85.8 24.1 16.7 165.2
Hom 60 77.7 26.6 19.3 168.6
Hom 56 73 24.1 17.6 165.8
Hom 67.4 79.1 24.5 16.8 167.6
Hom 56.7 72.1 25.4 18 159.8
Hom 85.4 95.4 25.9 17.8 170.3
Hom 71.9 82.9 25.7 18.5 179.5
Hom 57.4 75.1 24.6 18.3 167.7
Hom 74.9 84.2 25.8 18.4 177.5
Hom 61 79.2 24.1 17.2 161.7
Hom 80 88 26.5 18 167.1
Hom 89.5 97.2 27.7 19.5 179.7
Hom 58.2 75 26 18.6 167.5
Hom 65.5 87.6 23.6 17.4 160.2
Hom 81.5 91.5 24.2 16.9 168.2
Hom 64.9 77.2 26.3 19.6 170.2
Hom 49.1 64.9 23.1 16.5 164.4
Hom 66.1 73.8 27.6 20.9 181.6
Hom 59.7 70.1 24.6 17.8 167.7
Hom 69.4 83.5 24 17.8 168.8
Hom 71.1 85 25.5 18.2 169.7
Hom 52 73.1 23.4 16.4 158.3
Hom 59.9 76.4 27.1 19.5 176.5
Hom 48.6 75.1 24.3 16.9 160.8
Hom 62.1 78.3 25.1 17.5 166
Hom 59.3 72.2 25 18.1 171.4
Hom 67.5 81.4 24.1 17 165.5
Hom 59.3 75.6 25.1 17.9 164.2
Hom 70.1 81.2 26.8 18.1 178.5
Hom 57.4 76.7 24.6 16.6 169.4
Hom 66.9 92.2 24.9 17 161.3
Hom 67.9 79.4 26 18.9 174
Hom 57.9 90.2 23.1 16.2 153.2
Hom 69.2 79.6 25 17.5 171.1
Hom 68.3 81.3 24.5 17.7 177.2
Hom 64.6 74 26.3 18.8 167.4
Hom 54.3 67.3 25.5 18.1 175
Hom 70.8 91.9 25.1 17.8 168.6
Hom 61.1 72 25.7 18.9 170.9
Hom 59.9 72.3 25.7 18.1 172.3
Hom 60.5 75.2 24.3 17.2 165.9
Hom 69 77.6 27.3 19.8 179.4
Hom 59.8 75.4 27.1 18.2 168
Hom 68.4 82.1 25.7 18.6 163.5
Hom 87.6 90.3 26.8 18.7 188
Hom 66.7 77.3 24.8 18.7 181.5
Hom 76.8 96 26 18.1 168.2
Hom 80.9 87 28.3 19.7 180.2
Hom 68.4 78.1 25.4 18.7 168.7
Hom 63.1 79.6 24.9 17.8 164.8
Hom 80.2 82.5 26.1 19 173.3
Hom 64.1 79.7 26 18.8 168
Hom 59.4 74.6 26 18.5 166.6
Hom 74.8 87.5 25.7 19.1 167.4
Hom 84.6 95.6 27.4 20.1 173.3
Hom 67.7 81.9 27.3 19.2 173.5
Hom 66.8 86.5 25.3 18.2 163.3
Hom 61.1 73.4 24.5 18.2 177.9
Hom 72.3 78.5 27 18.6 171.9
Hom 71.1 80.8 25.7 18.5 163.7
Hom 85.5 90.6 26.4 19.1 173.7
Hom 55 73.4 24.1 17.2 166.7
Hom 64.3 76.9 24.9 16.8 168.2
Hom 57.2 72.9 24.4 18 162.3
Hom 58.9 66.8 26.1 18.9 173.1
Hom 62 73.1 26.3 18.6 169.2
Hom 78.8 96.6 25.8 18.3 167.4
Hom 64.4 82.9 24.6 17.6 163.6
Hom 73.4 85.4 25.7 18 167.7
Hom 69.9 95.2 22.5 16.9 153.7
Hom 73.4 94.7 24.2 18.5 164.7
Hom 70.3 91.3 24.7 18.4 166.2
Hom 62 82.9 24.8 18.3 162.8
Hom 66.7 78.4 25.1 17.4 168.5
Hom 68.5 82 25.7 18.2 178.2
Hom 71.1 75.6 24.6 18.7 172.5
Hom 68 80.3 25.1 18.1 166.1
Hom 64.9 80.6 26.4 18.3 169.5
Hom 68.2 75.4 26.1 20.2 176.8
Hom 79 97.4 25.3 18.3 165
Hom 60 73.6 24 16.9 170.2
Hom 69.9 89.9 25.2 18.4 164.6
Hom 75 97.1 24.5 17.8 165.3
Hom 68.5 92.8 23.8 17.2 163.9
Hom 70 82.5 24.7 19.4 167.4
Hom 76.3 94.6 26.7 19.3 173
Hom 64.5 87.2 23.9 16.8 160
Hom 78.3 90.7 25.9 19 171
Hom 87.1 103.5 25.3 17.9 168
Hom 56.8 76.4 23.3 17.2 159.1
Hom 69.6 79.4 26.5 18.5 173.5
Hom 61.3 76.1 24.1 18.5 166.7
Hom 68.4 87.5 25.4 18 166.6
Hom 61.6 75.1 25.1 17.9 167.1
Hom 61.6 70.1 27 19.7 177.5
Hom 83.2 86.6 26.9 18.7 178.7
Hom 77.8 97.6 24.7 18.1 163.3
Hom 75.1 85.1 25.1 18.2 171.4
Hom 77.2 92.5 26.2 20 175
Hom 69.5 83.2 25 18.8 169.1
Hom 61 75.1 26.4 18.2 170.5
Hom 71 84.8 25.1 18.6 173
Hom 69.6 83.4 25.9 18.9 169.2
Hom 66.2 74 24.7 18.2 169.6
Hom 71.2 76.3 27.5 20.8 177.4
Hom 70.7 94.1 23.5 17 156.6
Hom 74.7 93.4 25.5 18.3 171
Hom 76.4 90.1 26.6 19.2 170.7
Hom 64.3 74.4 24.2 17.6 163.1
Hom 73.4 93.6 24.2 17.7 162.1
Hom 75 84.7 25.8 18.2 172.8
Hom 73.6 82.4 27.5 20.1 177.7
Hom 58.4 72.8 24.9 18.2 166.2
Hom 61 74 26 19.1 179.2
Hom 82 97.7 26.2 19 173.3
Hom 66.9 88.5 24.6 17.6 166.1
Hom 75.2 92.3 25.3 18.6 171.8
Hom 76.1 80.3 26.8 19.1 181.3
Hom 80.8 102.8 25 17.6 166.7
Hom 70.6 81.9 26.3 18.4 171
Hom 65.3 80.5 25.7 17.8 167.8
Hom 62.4 78.1 26.2 18.2 173.1
Hom 54.7 78.7 24.2 18.5 157.3
Hom 75.6 88.6 25.1 18.5 173.9
Hom 74.2 91.2 25.5 17.8 164.7
Hom 73.8 83.9 27.1 18.6 172.5
Hom 61 74.3 26.1 17.6 165.5
Hom 67.1 84.3 26 18.3 171.6
Hom 59.1 76.2 25.3 18.3 169.3
Hom 58.4 72.4 25.7 18 166.8
Hom 56.9 73.4 24.6 18.8 167.1
Hom 62.9 84.6 23.9 17.2 164.6
Hom 85.4 96.8 27.1 18.2 178
Hom 56.6 74.3 24.1 17.5 163.2
Hom 91.5 104.3 24.8 18.5 168.3
Hom 67.8 84.2 24.1 18.1 166.3
Hom 60.5 80.6 24.4 17.2 158.9
Hom 54.1 81.5 23.7 17.4 157.2
Hom 74 89.1 25.1 17.2 170.3
Hom 63.1 76.4 26.3 20 175.3
Hom 66.8 80.9 23.6 17.5 162.6
Hom 70.1 86.1 25.9 19.1 167.8
Hom 65.1 82.5 26.4 19.1 170.3
Hom 60.3 83.4 23.1 16 154.4
Hom 61.7 82.3 25.8 18.8 161.1
Hom 64.5 82.7 24.5 18.7 168.2
Hom 67.3 82.4 25.4 17.9 171
Hom 78.5 94.1 26.5 19.9 171.3
Hom 59.9 70.3 26.7 18.9 174.5
Hom 80.3 80 25.8 18.4 178.5
Hom 64.8 75.6 25.6 18.9 175.4
Hom 86 100.5 27.2 20 175.1
Hom 75.6 84 28.3 20.8 178.1
Hom 59.6 79.2 25.1 18.4 169
Hom 69 73.7 23.4 18.2 170.9
Hom 73.1 90.6 25.9 18.1 171.5
Hom 58 77.1 25.9 18.9 169.2
Hom 66.6 84.5 26.2 17.8 163.3
Hom 105 111.6 26.9 20.1 174.4
Hom 74.2 90.8 24.7 18.3 167.2
Hom 74.4 85.7 25.8 18.4 173.9
Hom 56.8 77.7 23.2 18 160.1
Hom 74 88.4 24.5 18.5 166.2
Hom 78.4 87 26.6 18.5 174.4
Hom 71.9 89.7 24.4 17.7 168
Hom 69.4 86.3 24.8 18.5 167.6
Hom 80 92.2 25.2 17.7 172.3
Hom 66.5 89.7 25.2 17.5 163.3
Hom 81.6 101 23.9 17.6 165
Hom 55.2 73.1 24.7 17.9 163.1
Hom 75.3 80.6 26.1 18.5 176.9
Hom 85.2 91.2 27.1 19.8 174.1
Hom 70.4 91.2 24.6 18.1 159.3
Hom 45 68.3 23.7 17.1 166.3
Hom 67.1 85.4 24.5 18.7 165.1
Hom 73.4 90.6 24.9 18.3 170.8
Hom 62 85.4 22.6 16.5 155
Hom 62.9 75.7 24.6 17.1 164.1
Hom 71.3 80.5 27.7 19.6 180.8
Hom 66.8 83 24.7 17.5 164.4
Hom 81.6 94.1 27.8 19.6 173
Hom 70.5 89.6 24.2 18.2 162.9
Hom 61.8 91 23.5 17.5 148.8
Hom 77.7 93.2 24.7 19.1 173.8
Hom 65.6 85.7 24.8 17.7 165.2
Hom 62.4 71.2 26.4 18.7 174.6
Hom 60.5 72.5 26.1 18.5 173.3
Hom 76.9 89.7 25.4 18.5 173
Hom 79.3 83.4 27.8 19.7 174.3
Hom 67.4 74 26.5 19.6 170
Hom 55.5 69.9 25.1 18.6 161.7
Hom 69.1 90 24.7 17 162.5
Hom 63.5 77.5 26.2 19.1 163.6
Hom 65.3 75.6 27.6 19.9 173.3
Hom 66.7 82.9 25.4 19.2 166.6
Hom 60.3 80.6 23.8 19.2 161.7
Hom 56.3 80.5 23.4 17.2 153.9
Hom 49.5 68.3 23.4 16.9 162.3
Hom 51.9 78.2 24.6 16.5 163.5
Hom 68.5 77.4 24.5 18.2 175.3
Hom 72.3 82.5 27.1 20.3 171.1
Hom 78.4 96.6 23.7 17.3 156.9
Hom 66.2 76 26.7 19.2 172.1
Hom 52.6 69.3 22.9 17.4 154
Hom 67.3 75.2 27.2 20.5 173.2
Hom 54.2 72 23.9 18.1 163.3
Hom 63.2 87.7 24.2 18.5 161.7
Hom 61.7 75.8 26.7 20 169.5
Hom 63.3 76.8 25.4 19.5 170.9
Hom 77 81.9 24.4 17.5 163.3
Hom 72 91 25.1 18.3 165
Hom 65.3 85.6 23.7 17.3 158
Hom 66.5 91.3 23.6 17.1 153.9
Hom 79 95.6 25.2 17.6 161.4
Hom 53.4 72.7 24 16.1 158.5
Hom 57 80.2 25.2 18 164.3
Hom 65.3 78.6 23.9 17.9 165.2
Hom 65.6 87.2 24.6 18.4 164.9
Hom 66.5 82.2 23.6 17.8 163
Hom 79.5 96.4 24.7 18.4 162.7
Hom 58 75.5 25 18.2 167.2
Hom 62.1 78.4 24.9 18.4 165.3
Hom 63.2 81.2 23.5 17 156.6
Hom 86.5 99.2 25.3 18.5 167.7
Hom 76.8 84.5 25.1 18.7 177.2
Hom 90.4 106.8 24 18.5 166.8
Hom 76.2 92.8 23.9 17.6 165
Hom 71.8 76.4 25.4 17.6 173.7
Hom 66.3 90.3 22.9 17 154.4
Hom 79.2 93.3 24.2 18.1 162.2
Hom 88.1 103.3 25.6 19.7 176.8
Hom 83.8 94.4 27 19.7 171.1
Hom 70.9 80 25.6 17.6 168.5
Hom 76.9 85.5 25.5 18.7 170.2
Hom 75.8 87 24.9 18.3 172.8
Hom 69.3 83.3 23.5 17.2 160.6
Hom 63.4 76.4 25.2 18.3 173.7
Hom 66 88.9 25 18.4 166.9
Hom 56 85 25 18 158.8
Hom 64.5 87.3 24.3 18.2 168.9
Hom 77.9 91.1 26.3 18.7 170.4
Hom 54.2 75.9 22.4 17 155.7
Hom 62.4 83.2 22.2 16.7 156.6
Hom 71.6 87.1 25.8 18.6 168.7
Hom 77.3 93.1 27 18.8 175.5
Hom 63 72.3 24.1 17.3 169.5
Hom 80.8 92.3 26.4 17.7 171.9
Hom 66 87.5 23.2 17.6 158
Hom 67 89 25.3 18.7 163.1
Hom 80.1 88.7 26.3 18.9 173.6
Hom 80.3 78.9 28.8 20.5 183
Hom 66 79.9 26.1 18.3 171.8
Hom 66.5 79.8 25.4 17.6 166.2
Hom 83 96.5 25.6 18.5 174.3
Hom 62 81.9 24.7 17.3 160.4
Hom 79 84.6 27.3 18.4 177.2
Hom 59 78.3 22.7 17.8 163.9
Hom 66 77.5 25.7 18.2 168.3
Hom 52 75.4 23.3 17.6 162
Hom 58 78.8 23.5 16.8 161.7
Hom 83 89.9 25.4 19 178.5
Hom 65 80.7 25.1 17.8 168.4
Hom 69.9 89.5 24.7 17.9 164.3
Hom 63 84.3 24.5 18 161.9
Hom 91.4 102 24.8 18.6 172.6
Hom 73.4 91.2 24.1 17.8 164.7
Hom 82.2 105.6 24.8 18.1 160.8
Hom 79.7 91.2 26.5 19.5 173.5
Hom 61.6 80 26.3 19.7 171.7
Hom 72.4 84.4 24.7 18.3 172.4
Hom 59.6 79.3 25.2 17.7 166.8
Hom 69.6 85 26 18.7 174.5
Hom 80.9 88.8 25.8 18.2 172.6
Hom 59.1 75.3 25.2 18.3 168.3
Hom 70.5 88.2 23.2 17.2 169.8
Hom 85 93 25.1 18.5 173
Hom 74.6 103.8 22.1 16.8 152.7
Hom 52.9 68.1 25 17.4 167
Hom 63.7 75.8 24.6 18.7 168.6
Hom 73 92 23.1 16.1 160.3
Hom 83 94.2 24.8 18 167.7
Hom 65.3 90.3 23.2 17.5 158.9
Hom 77 94.9 23.9 18.3 166.6
Hom 74.3 91.1 26.1 18.4 167.4
Hom 64.4 85.7 23 17.4 162.6
Hom 78.3 92.3 25.6 19.2 175.7
Hom 67.6 90.3 24 17.2 157.6
Hom 56.4 80.3 23.2 17.7 152.4
Hom 95.1 104.6 25.9 18.8 171.4
Hom 73.1 95.3 24.1 17.3 160.5
Hom 52.6 75.1 24.2 17.1 166.4
Hom 64.7 79.7 25.5 19 159
Hom 76.8 93.8 25.8 18.3 173.6
Hom 75.9 80.9 26.9 19.3 172.9
Hom 61.9 75.9 25 19.1 171.1
Hom 65.8 87.9 24.3 17.9 166.8
Hom 66.6 85.9 24.6 18 163
Hom 74.7 94.4 25 18.1 165.4
Hom 70.4 90.1 24.9 17.7 159.8
Hom 86.6 96.7 25.9 19.9 174.1
Hom 76.1 90 24.8 17.5 175.9
Hom 67.6 80 26.8 19.4 170
Hom 85 94 27 18.7 176.4
Hom 77.6 91.3 26.6 19.5 171.5
Hom 72.2 88.5 25.4 17.6 171.1
Hom 86.1 89.5 25.5 18.3 179
Hom 54.4 74.7 23.5 18.3 161.3
Hom 82.1 93.3 26.8 19.7 172.9
Hom 59.2 73.9 26.1 18.9 166.4
Hom 76.2 80.9 25 18.7 175.6
Hom 80.5 96.1 24.6 17.7 164.6
Hom 92 96 26.5 19.3 180.7
Hom 60.6 83.6 25 18 162.7
Hom 59.5 79.1 26.5 19.3 168.4
Hom 88.8 99.3 23.1 17.7 168.2
Hom 53.4 68.5 23.4 18.3 153.5
Hom 70.6 82.6 27.5 19.1 178.3
Hom 77 84.1 25.7 18.8 174.9
Hom 63.2 78.3 25.5 17.9 166.7
Hom 62.9 81.7 23.4 16.4 166.3
Hom 62.9 80 25.1 18 168.9
Hom 60.4 78 24.3 18 169.9
Hom 63 77.7 25.7 17.7 169.2
Hom 60.4 76.2 24 17.7 160.2
Hom 53.7 68 24.3 19.1 160.3
Hom 62.9 81 24.4 18.5 162
Hom 57.1 73.3 26.1 18.4 168.3
Hom 69.4 84.2 26.1 18.8 164.6
Hom 52.1 72.4 24.8 18.6 166.8
Hom 59.3 81.3 23.9 16.6 162.9
Hom 54.6 80.3 23.3 17.4 155.3
Hom 64.2 81 25.8 18.8 164.3
Hom 60.1 77.6 23.3 17.8 161.9
Hom 83.2 91 26.5 20 181.1
Hom 63.8 79.5 25.3 18.2 168.1
Hom 67.6 87.1 23.2 16.9 165.6
Hom 55 77.7 23.5 17.2 158.9
Hom 73 91.1 24.8 18 162.9
Hom 60.9 88 23.1 16.5 160.1
Hom 71.4 87.2 26.1 18.5 169.3
Hom 62.7 83.1 23.7 18 162
Hom 66.4 92.1 23.6 17.9 165.2
Hom 69 89.9 26.3 18.6 165.7
Hom 66.3 87.2 22.9 18 160.9
Hom 62.1 84.7 23 17.5 162.6
Hom 77.2 89.9 25.3 17.6 170.1
Hom 71.7 92 24.3 18.1 161.7
Hom 62.8 79.5 24.6 17.1 164.3
Hom 78.9 89.9 26.7 19.7 173.9
Hom 57.1 75.5 24.2 17.4 164.2
Hom 64.8 87.2 25.2 18.9 164.5
Hom 64.9 91.1 23.3 16.9 155.8
Hom 81.8 94 25.7 19.1 168.4
Hom 79.1 92.5 24.8 17.6 167.2
Hom 79.6 95.2 25 17.6 168.6
Hom 51.3 78.2 23.4 17.3 158.5
Hom 66.4 90 22.8 16.8 151.5
Hom 84.8 96.1 27.3 20.4 173.8
Hom 67.3 89 24.2 17.6 161.8
Hom 65.7 71.6 26.6 19.6 182.7
Hom 79 86 26.1 17.8 170.7
Hom 67.7 82.3 26.4 17.4 170
Hom 57.4 75.6 24.4 17.1 169.9
Hom 57.6 72.8 26.2 20 167.8
Hom 60 76.3 24.2 17.1 161.1
Hom 64.9 80.4 26 19 169.4
Hom 61.1 76 25.8 17.9 170.2
Hom 61.7 82.5 25.2 17.1 158.6
Hom 58.4 80.8 23.6 16.2 154.9
Hom 74 86 25.4 17.6 171.3
Hom 56.4 74 24.1 17.3 164.1
Hom 66.2 86.3 25.6 17.9 169.3
Hom 61.8 77.7 26.8 19.7 172.5
Hom 53.5 72.4 24.1 17.1 167.4
Hom 70.8 94.1 25.7 18.5 162.4
Hom 74.1 89.2 26.2 18.6 165.4
Hom 66 81.3 25.5 17.6 167.3
Hom 75.6 91.9 24.6 18 164.2
Hom 63.2 83.4 24.5 18.2 161.1
Hom 72.6 88.3 24.2 17.8 162.5
Hom 67.5 87.3 25.1 18.1 158.3
Hom 57.5 76 24.6 17.5 161.7
Hom 68.8 86.7 25.5 17.8 169.6
Hom 75.8 96 25.9 18.2 167.6
Hom 58.3 80.1 23.9 17.4 156.7
Hom 66.2 85.2 23.7 17.4 161.2
Hom 51.9 77.3 22.3 17 155.4
Hom 62.3 72.6 26 18.3 168.3
Hom 66.3 84 24.6 18.2 164.7
Hom 71.6 88.1 25.7 18.7 164.1
Hom 72 92 25.3 17.7 164.6
Hom 65.8 85.7 24 16.9 162.9
Hom 59.3 83.2 23.2 16.2 158.2
Hom 56.3 76.3 26 18.9 164
Hom 72.5 86.7 24.2 17.9 166.4
Hom 62 77.3 25.4 18.2 169.4
Hom 76.4 91.5 25.4 19 171.4
Hom 64.2 78 26.2 19.4 169.7
Hom 54.5 80.6 24.9 17.9 162
Hom 72.5 94.6 23.3 16.5 157.8
Hom 74.8 86.3 26.4 19.1 170
Hom 66.3 79 24.5 17.8 164.3
Hom 65 87.8 23.1 17.2 157.7
Hom 62 73.9 26 19 168.3
Hom 63.5 79.5 26.9 19.5 174.4
Hom 64.4 74.9 24.9 17.8 169.7
Hom 72.1 88.3 26 18.3 168.8
Hom 58.7 79.4 23.9 17.5 166.9
Hom 68.9 86.8 25.4 17.4 162.6
Hom 52.4 73.5 23.6 16.5 158.4
Hom 60.3 80.3 24.9 18.1 163.4
Hom 61.8 87.3 23.3 17 158
Hom 65.6 78.1 26.7 18.5 173.8
Hom 59.8 77.2 25.5 17.8 167.3
Hom 60.1 76.8 27.2 20.2 170.9
Hom 58.3 74.5 25.4 17 171.2
Hom 50.7 72.7 23.5 16.7 159.5
Hom 52.3 73.4 24.6 18.6 168.3
Hom 65.3 81.5 25.4 17.9 166.3
Hom 63.8 78.9 26 18.7 177.1
Hom 54.3 74.1 25.4 17.5 162.8
Hom 58.9 80.4 23.6 16.8 158.8
Hom 46 67.3 22 16.8 161
Hom 53.7 67.3 24.6 17.7 167.3
Hom 64.1 82 24.7 17.6 172.7
Hom 51.6 70 23.5 17.6 165.3
Hom 57.3 71.8 24.8 17.4 169.1
Hom 72.5 86.1 26.1 19 173.4
Hom 55.1 74.9 23.4 17.7 161.3
Hom 63.7 82.7 23.5 16.7 157.5
Hom 55.8 69.1 24.5 17.4 170.8
Hom 51.4 69.1 23.2 17.3 160.2
Hom 70.8 79 26.5 18.6 171.5
Hom 60.5 72 24.7 18 166.9
Hom 76.1 94.7 25.2 18.5 165.8
Hom 59.7 78.3 25.8 18.5 170.4
Hom 69.8 90.6 24.5 18 161
Hom 70 92.2 23.8 17.1 159.2
Hom 81 91.3 25.7 18.1 177.3
Hom 83.8 93.1 25.9 18.5 175.4
Hom 71.4 82.2 26.8 19.6 180.1
Hom 59.4 84.9 23.4 16 154.6
Hom 52.9 81.9 24.2 17.7 165.6
Hom 81 97.3 25.1 17.7 167.1
Hom 79.1 80.5 27.1 18.6 173.9
Hom 61.8 90 23.6 17.4 158.6
Hom 60.8 75.4 24.3 17 167.7
Hom 67.3 88.6 23.2 17.7 163.7
Hom 60.7 79.8 23.2 16.8 158.3
Hom 62 77.1 25.2 18.9 171.5
Hom 62.4 82 24.4 18.1 165
Hom 71.2 87.2 25.6 17.7 166.6
Hom 61.4 79.6 25 17.3 170.7
Hom 70 80.9 24.9 17.2 163.4
Hom 59.1 75.3 24.6 18.1 170
Hom 69.6 87.1 24.6 17.6 174.9
Hom 75.5 85 24.5 17.7 167.2
Hom 75.9 88.4 25.7 18.4 176.4
Hom 76.1 92.4 23.9 16.9 164.3
Hom 73.1 86.4 24.3 17.6 170.2
Hom 57.7 75.5 24.1 17.5 167.4
Hom 65.8 83.3 23.6 16.8 163.2
Hom 69.6 93.1 25.2 18 167.4
Hom 62.1 76.7 25.2 18.2 168.3
Hom 80.7 95.1 25.6 18.7 167.8
Hom 70.8 91.8 24.4 17.5 162.4
Hom 68 79.4 25.2 18.6 176
Hom 77.7 89.6 25.5 17.7 169.7
Hom 64.4 95.3 22.9 16.7 159.1
Hom 89.2 107.3 26.9 19.1 180.5
Hom 59.8 77.7 24.4 17.4 167
Hom 79.9 91.6 26.1 18.1 176.1
Hom 89.5 99.9 27.5 19 177.3
Hom 73 90.5 26.7 17.8 172.9
Hom 75 90.2 27.4 19 177.5
Hom 71.3 84.4 25.2 17.5 168.9
Hom 58.2 74.7 26.5 17.8 172.7
Hom 67.3 92.5 24.2 17 158.1
Hom 70.4 85.3 25.5 18 175.2
Hom 79.7 94.3 26 19 173.7
Hom 76.1 85.7 27.9 19.8 178.8
Hom 70 89.2 25 18.5 172.7
Hom 55.7 76.3 25.8 18 166.2
Hom 74.3 92.1 26 18.5 169.2
Hom 79.2 90.7 26 18.4 173.5
Hom 52.1 80.1 22.5 17 152.9
Hom 66 86.7 24.4 18.4 157.6
Hom 60.4 75.5 26.2 18.3 174.3
Hom 86.7 95 26.4 20 174.1
Hom 71.7 92.9 24.6 17.4 162.6
Hom 78.2 95.1 25.2 18.6 171
Hom 70 78.9 26.6 19.9 177.1
Hom 59.2 78.5 26 19.4 169.7
Hom 67 84.8 25.7 18.6 170.9
Hom 72.6 87.7 26.1 18.3 174.9
Hom 71.5 94.2 25.4 18.4 161.2
Hom 66.5 75.9 24.8 17.9 167
Hom 90.8 102.5 26.4 20 170.6
Hom 58.3 67.4 25.6 18.6 171.5
Hom 77 91.1 25.4 18.4 171.1
Hom 66 88 23.6 16.6 160.8
Hom 70.1 78.3 25.4 18.6 172.5
Hom 62.5 78.1 24.1 18.6 167.3
Hom 78.2 90.6 24.3 18.1 169
Hom 94.6 99.5 26.5 19.1 176.5
Hom 65.5 82.2 24.9 17.1 163.5
Hom 74.5 96.1 23.8 17.4 162.3
Hom 79.9 93.6 26.6 18.1 175.6
Hom 80.7 96.6 23.8 17.8 174.2
Hom 65.9 83.1 24.6 17.7 167.4
Hom 61.9 83.6 23.6 16.7 161.5
Hom 81.8 95 24.6 17.3 168.1
Hom 66.2 84.2 25 17.5 162.5
Hom 72 79.5 26.8 17.8 171.8
Hom 75.2 84.3 28.2 19 179.3
Hom 73.7 86.7 25.7 18.8 173.7
Hom 63.3 80.6 26.2 19.1 174.6
Hom 66 96.4 22.6 15.3 152.2
Hom 79.5 94.7 25 18.5 166.9
Hom 65 82.6 24.9 18 172.5
Hom 72.9 90.3 24.4 16.4 164.9
Hom 58.6 76.6 25.6 18 170.3
Hom 79.2 94.1 23.7 18.1 164.7
Hom 71.5 78.4 26.8 19.7 178.3
Hom 71.7 93.2 25 17.9 164.4
Hom 78.1 94.2 26.7 19 171.9
Hom 70.3 86.4 26.4 19 174.4
Hom 63.4 79.2 24.8 17.9 173.8
Hom 76.8 93.1 26.2 18.8 169.9
Hom 87.1 96 26.7 20 176
Hom 77.9 94.5 26.4 19.4 172.5
Hom 74.7 97.9 25.2 17.5 164.7
Hom 76.8 93.4 26.2 20.4 172.4
Hom 67.8 81.6 25.5 18 171.7
Hom 68.4 87.6 26.1 18.8 165.1
Hom 70 76.7 25.6 18.2 180.2
Hom 75.5 97.1 24.8 19.1 169.6
Hom 80.6 95.4 23.7 16.7 168.2
Hom 60.5 77.8 23.9 17.9 169.2
Hom 80.1 87.3 26.5 19 175.5
Hom 68.9 89.5 23.2 16.5 168.4
Hom 74.8 86.8 27.3 19.6 171.5
Hom 59.7 74.7 24.3 17 168.5
Hom 78.3 91.8 25.9 17.5 170.3
Hom 73.5 91.8 25.4 18.4 171.2
Hom 82.2 93.5 26 18.6 175.1
Hom 71.6 88.2 24 17.2 168.3
Hom 81.5 94.9 25 18 170.7
Hom 103.3 117.1 25.6 17.6 168.2
Hom 77.8 93.5 24.2 17.4 164.4
Hom 77.6 93.6 26 19 174
Hom 92 98.5 25.3 18.3 177.6
Hom 85.6 96.2 25.3 18.9 169.7
Hom 68.3 89.5 26.3 18.5 166.7
Hom 77.2 91.7 25.5 18.5 175.5
Hom 87.6 96.1 26.6 18.5 171.1
Hom 73.4 94.2 23.7 17.2 165.1
Hom 70.4 92.4 24.6 17.1 163.8
Hom 70.2 97.2 23 16.7 156.5
Hom 87.4 99 27.1 19.9 172.1
Hom 66.7 86.7 26.1 19.5 169.9
Hom 89.5 96.9 27 20 174.2
Hom 75.8 95.6 23.6 17.5 159.5
Hom 92.1 95.5 25.9 19.4 179.9
Hom 77.9 86.8 26 19.5 174.6
Hom 66 85.3 25 18.8 169.7
Hom 101.8 108.6 25.4 17.4 169.5
Hom 98.2 102.2 26.8 18.9 184.5
Hom 61.5 86 26.2 18.5 170.5
Hom 84 100.7 25 16.6 167.3
Hom 81.6 87.7 25.8 18.5 172.1
Hom 73.5 89.3 24.1 17.8 171.8
Hom 69.7 90.7 24 17.8 161.7
Hom 71.3 83.6 26.7 18.7 170
Hom 65.8 86.4 24.5 18 169.9
Hom 53.4 80.4 22.2 16.5 163.7
Hom 65.5 79.1 24.5 18.5 171.9
Hom 82.5 93.3 25.1 18.5 173.3
Hom 70.4 82.3 25.2 18.1 174.7
Hom 74.4 91.1 24.5 17.9 172.4
Hom 76.4 102 25.1 18.4 166.1
Hom 63.8 78.9 25.5 19 173.1
Hom 67.5 87 25.9 18.9 176.7
Hom 61.3 77 24.6 18 163.1
Hom 73.8 89.2 25.5 19.5 175.3
Hom 60.5 78.7 26.7 19.4 171.7
Hom 82.6 93.3 26.3 19.5 172.9
Hom 75.5 89.3 25 18.9 170.2
Hom 79.5 102.3 23.6 17.6 165.6
Hom 84.5 97.3 26.1 19.2 174.6
Hom 63.7 76.3 24.8 17.3 167.6
Hom 69.3 93.2 24.3 18.1 160.3
Hom 82.6 98.4 23.9 17.2 161.2
Hom 72.2 98.2 23.1 17.1 158.1
Hom 80.1 94.5 25.3 18.8 174.7
Hom 60.4 82.6 24.5 17.6 161.6
Hom 70 89.2 26.3 19 174.3
Hom 68.5 88.3 24.5 17.6 162.8
Hom 76.2 89.6 26.7 20 175.9
Hom 66.9 82.6 25.2 18.3 163.6
Hom 56.5 72.4 25 18.3 164.2
Hom 70.1 83.2 25.9 18.3 172.6
Hom 80.7 91.9 26.1 19.1 170.6
Hom 74.2 89.1 23.8 17.8 168.6
Hom 82.6 94.7 26.8 19 172.1
Hom 72.9 85.1 24.8 17.4 162.9
Hom 73.4 93.6 25 19 167
Hom 70.4 79.5 26.4 18.8 169.8
Hom 75.9 88 25.9 18.3 178.1
Hom 53 76.2 23.6 18.1 162
Hom 79.2 93.3 25 17.8 174.8
Hom 77.3 84.5 26.1 18.7 175.3
Hom 72.6 81.7 24.4 17.6 167.7
Hom 56.1 80.1 22.3 16.8 158.2
Hom 71.1 89.4 25 18.8 166.6
Hom 67.2 94 24.6 17.4 160.4
Hom 69.9 90.8 26 18.6 167.4
Hom 60.8 77.9 25 16.8 167.4
Hom 65.5 85.6 24.9 17.3 168.8
Hom 63.8 81.3 25.4 19 165.9
Hom 85.5 100.4 26.2 19.4 173.2
Hom 75.1 86 25.1 18.1 167.5
Hom 73.9 92 25.7 18 178.2
Hom 68.5 89.1 25.6 18.2 161.7
Hom 80.9 98.2 23.2 17.1 160.9
Hom 89.6 102.1 26 18.6 168
Hom 75.8 85.6 25.7 19.2 180.5
Hom 59.6 76.4 24.2 16.8 164
Hom 69.8 85.4 25 16.5 161.2
Hom 73.6 83.3 27.2 20.4 176.2
Hom 62.8 85.9 24.6 17.8 163.4
Hom 65.5 81.9 24.5 17.6 168.6
Hom 90.6 92.1 26 18.8 183.8
Hom 66.9 88 23.5 18.3 161.1
Hom 103.4 110.4 26.5 20.2 172.3
Hom 80.8 93.3 25.9 18.2 170.6
Hom 67.5 82.3 24.8 17.7 169.5
Hom 68.9 77.5 24 18.1 169.3
Hom 81 88.2 26.9 19.7 173.9
Hom 75.4 86.8 24.3 18.5 172.6
Hom 71.4 88.3 25.8 18.2 166.9
Hom 62.3 78.5 25.7 18.9 165.5
Hom 84.8 82.6 26.1 18.8 180.7
Hom 62.6 78 25.9 17.6 167.5
Hom 67.1 92.9 24.6 17.9 166.2
Hom 81.7 90 26.5 19.2 170.7
Hom 59.1 78.1 23.5 18.1 164
Hom 71.4 94.4 23.7 17.7 165
Hom 75.6 88.6 26.4 17.4 170.2
Hom 59.7 72.3 26 18 167.8
Hom 70.5 92 25.6 18.3 171.2
Hom 54 70.7 23.7 17 164.4
Hom 82.4 98 25.5 18.6 178
Hom 76.7 88.4 24.9 18.2 171.3
Hom 50.3 69.7 24.2 17.4 160.7
Hom 83.9 88.1 27.5 19.5 180.3
Hom 64.9 87 24.5 18 161.1
Hom 66.1 84.3 23.7 18.7 165.4
Hom 52.8 66.5 24.9 18 167.5
Hom 59 70.1 26.6 18.7 179.1
Hom 51.4 69.6 25.4 18.6 166.3
Hom 84.5 97.3 25.8 19.4 171.1
Hom 64.9 70.9 26.6 19.2 179.4
Hom 70.2 87.3 26.4 18.7 166.6
Hom 75.7 93.1 25.9 18.3 165.9
Hom 73.5 91.4 25.6 17.8 171.2
Hom 69.8 78.3 25 18.6 176.1
Hom 62 72.5 27 18.8 175.7
Hom 81.1 94.4 25.5 18.8 172.5
Hom 60.1 90.3 22.9 18.1 153.6
Hom 79 91.7 24.5 18.6 174.9
Hom 92.3 107 26.5 19.7 166.4
Hom 56.5 70.1 25.3 18.1 171.5
Hom 68.9 79.8 24.9 18.5 176.4
Hom 58.9 69.2 26 19.1 180.9
Hom 108.7 113.2 24.7 18.2 164.7
Hom 71 97.6 24.7 17.7 161.4
Hom 58.8 80.4 23 17.9 159.7
Hom 82 95.9 26.7 18.6 168.2
Hom 68.7 92.2 25.4 17.2 168.7
Hom 76.6 79.1 27.9 18.7 184.8
Hom 70.5 78.3 25 19.3 174.3
Hom 69 96 23.1 16.9 158.8
Hom 65.9 81.5 25.1 18.1 168.6
Hom 76.1 89.7 25.4 18.3 166.8
Hom 80.3 93 26.6 19.1 174.4
Hom 96.9 102.6 27.5 19.8 182.8
Hom 78.8 93.3 26 19.1 167.2
Hom 71 92.5 25.6 18.8 169.4
Hom 62.4 71.4 25.5 18.2 173.6
Hom 66.2 87.9 24.1 17.5 161.1
Hom 70.4 78.7 26.1 18.7 173.3
Hom 51.6 81.5 23.8 16 156.3
Hom 73.6 84.3 25.9 18.8 175.5
Hom 72.6 87.3 26.7 19.8 173.3
Hom 89.3 97.6 23.9 17.5 168.9
Hom 80.3 88.3 26.5 19.4 184.8
Hom 86.5 93.4 26.2 18.7 174.1
Hom 75.2 89.8 24 17.3 166.8
Hom 54.9 73.8 26 18.7 178.5
Hom 53.6 70 22.6 16.1 160.8
Hom 65.7 84.8 22.5 16.5 160.7
Hom 68.5 85.3 24.7 17.3 166.7
Hom 81.9 92.4 25 18 167.4
Hom 54.5 70.3 24.7 17.9 162.1
Hom 90.9 99.7 24.2 17.8 164.3
Hom 70.2 82.3 25.9 18.7 165.6
Hom 67.1 78.6 25.5 18.1 172.4
Hom 88.6 95.7 26.3 18.8 174.5
Hom 53.6 67.4 25 18.4 170.3
Hom 61.4 74.3 25.9 19.3 172.5
Hom 56.5 71.5 24.1 16.9 163.5
Hom 62.6 75.7 23.9 18.3 173.5
Hom 69.7 80.5 25.8 18.3 178.8
Hom 50.7 72.5 22.6 16.5 156.7
Hom 51.4 73.9 25.2 18.2 166.7
Hom 71.3 83.1 25.5 19 175.4
Hom 73.6 78.3 26.1 20.4 172.5
Hom 64.9 76.1 24.8 18.4 170
Hom 78.7 86.3 25.5 18 174.7
Hom 48.8 66.2 25.3 18.5 164.8
Hom 66.6 76.6 24.7 18.5 171.9
Hom 68.1 88.5 24.7 17.8 159.7
Hom 67 81.5 23.8 16.5 163.2
Hom 71.2 82.4 24.9 17.9 170.5
Hom 69 74.3 25.2 17.8 177.9
Hom 74.5 84.4 25.5 18 171.4
Hom 64.1 79 24.6 18.1 173.5
Hom 66.7 81 26.4 18.6 165.8
Hom 76.2 82.4 25.1 18.3 172.2
Hom 70.7 90.4 25.9 18.4 165.6
Hom 53.8 71.6 23.9 17.3 157.3
Hom 60.8 74.6 25.2 18.2 168.6
Hom 77.9 81.2 26.9 19.3 174.1
Hom 74.4 79 26.6 19.6 178
Hom 62.6 73.9 25.6 18 164.9
Hom 55.6 73.1 24 18.4 167.1
Hom 58 72.6 25.7 18.6 182.7
Hom 68.2 82 25.7 18.1 177.5
Hom 48.7 69.8 22.5 16.7 157.8
Hom 66 90.3 24 17.1 163.7
Hom 55.7 74.2 23.6 17.4 163.2
Hom 64 79.2 24.1 18.1 162.7
Hom 71.6 82 26.3 18.4 180.9
Hom 71.7 79.8 24.9 18.2 166.4
Hom 67.2 85 24 18 170.6
Hom 56.7 76.3 24.2 18.2 163
Hom 52 71.6 23.5 17.3 159.2
Hom 79.6 86.4 25.9 18.2 165.1
Hom 52.5 71.4 24.1 17 159.4
Hom 62.7 77.5 24 17.8 162
Hom 66.7 76.2 25.2 18.2 166.9
Hom 71.2 91.4 24.5 16.9 161.2
Hom 81.3 90.3 25.2 18.4 169.6
Hom 52.6 69.6 24.2 18 160.9
Hom 75.1 88.3 26 19.1 172.4
Hom 79.8 96.8 26 19.1 174.4
Hom 63 77.6 25.4 19 169.1
Hom 69.6 81.5 23.6 17.1 168.4
Hom 68 78.5 25.1 19 179.2
Hom 64.7 83.5 24.5 17.5 162.3
Hom 52.4 75.7 22.1 17.1 157.6
Hom 75 88.1 24.1 17.3 166.6
Hom 74.6 89.3 23.7 17.4 164.2
Hom 69.3 86.4 25 17.5 168.8
Hom 64.4 82.2 25.5 18.1 169.5
Hom 82.3 104 24.8 18.4 170.3
Hom 80.2 86.2 27.3 19.1 177.4
Hom 59.1 77.2 23.2 16.7 161.3
Hom 70.3 76.9 26.6 19.8 175.7
Hom 69.7 86.9 24.4 17.2 164.6
Hom 51 72 23.5 16.4 154.9
Hom 71.1 81.9 25.6 18.1 167.5
Hom 46.4 68.4 23.6 16.9 161.4
Hom 59.2 77.5 24.2 16.8 159.5
Hom 54.8 69.5 25.2 17.3 170.4
Hom 61.5 74.6 24.7 18.3 168.7
Hom 62.8 84.2 25.5 18.1 172.9
Hom 69.2 87 25.1 18 163.4
Hom 54.9 67.1 25.5 18.2 171.4
Hom 61 83.4 24.2 18.2 159.4
Hom 46.6 67.3 23 16.6 155.9
Hom 51.6 71.8 25 18.2 168.5
Hom 63.5 80.5 24.6 17.1 169.6
Hom 68.2 90.5 24.9 19.3 158.8
Hom 78.1 92.5 24.1 18 171.3
Hom 63.6 88.5 24.5 18 157.9
Hom 64.5 77.5 25.5 18.5 168.6
Hom 61.1 72 26.6 19.7 172.4
Hom 60.1 82.3 25.6 19 163.1
Hom 66.2 78.7 26.6 19.1 174.5
Hom 65.1 81 25.2 19 166.4
Hom 71.7 76.7 25.9 18.2 172.7
Hom 63.9 75.6 24.9 18.6 173.1
Hom 58 70.2 26.3 18.9 174.2
Hom 59 80.5 23.3 17.9 151.7
Hom 68.7 81.5 23.7 17.9 165.1
Hom 65.4 77.2 25.8 18.1 167.2
Hom 73.5 83.9 26.3 19.6 169.5
Hom 54.4 77.1 23.9 17.7 159.3
Hom 55.7 82 22.2 16.4 152.5
Hom 74.8 85.2 26.6 19.5 175.6
Hom 61.3 84.6 23.6 17.1 157.8
Hom 62.4 75.4 27 20.5 175.3
Hom 59.9 70.3 24.7 17.8 168.6
Hom 59 81.4 23 17.1 156.7
Hom 59.8 81.6 23.5 17.1 158.5
Hom 69.6 82.7 24.9 18.1 175.7
Hom 56.4 74.9 23.7 17.5 168.2
Hom 64.1 82.4 25.9 18.2 166.4
Hom 71.8 91.1 23.4 16.8 158.3
Muj 86.2 99.6 24.6 18 163.2
Muj 53.4 72.5 23.2 16.1 154.7
Muj 70.8 90.3 22.9 16.4 152.8
Muj 63.7 75.9 24.4 18.6 164
Muj 67.7 77.9 22.8 16.5 153.3
Muj 71.9 86.1 22.9 17.2 158.7
Muj 66.6 86.2 22.8 16.1 153.2
Muj 72.6 92 22.7 16.5 158.4
Muj 76.7 88.9 22.9 16.7 151.1
Muj 74.9 86.6 24 17.2 160
Muj 70.7 86.8 23.6 17 156.4
Muj 69.2 86.2 23 17.1 156.7
Muj 63.4 71.2 22.7 16.9 168.2
Muj 71.6 74.6 26 18.3 174.6
Muj 67.9 76.7 24.7 18.5 161.6
Muj 54.4 76.6 23.5 17.7 164.5
Muj 93.6 96.8 24.7 18.2 164.9
Muj 59.2 77 23.4 17.1 161.4
Muj 68.6 81.5 22.6 16.8 154.9
Muj 61.8 70.7 23.7 17.4 166.6
Muj 76.9 84 23.4 16 160.4
Muj 67 73.8 23.1 16.8 159.8
Muj 59.9 77 22.7 16.3 149.7
Muj 51.1 67.8 21.3 16.3 152.4
Muj 58.5 65.7 24.9 18.1 164.6
Muj 46.9 66.4 21.3 15.4 151.6
Muj 56.2 71.6 22.3 15.9 154.6
Muj 69.3 89 24.3 17.4 151.5
Muj 67.5 82.7 23.1 16.6 158.7
Muj 59 73.8 22.7 17.1 155.9
Muj 51.1 69.1 24.2 17.1 160.5
Muj 51.6 70.3 22 16.2 151.5
Muj 59.7 72.9 23.7 17.3 164.9
Muj 50.5 69.2 23.4 18 158.2
Muj 70.4 86.7 23.1 17 158.7
Muj 42.7 62.8 22.9 16 150.3
Muj 51.1 67.3 22.5 16.5 155.8
Muj 48.7 74.2 21.7 16.4 154.2
Muj 59.7 69.2 23 17 164.9
Muj 45.3 61.7 22.6 16.5 152.7
Muj 51.4 67.2 22.6 17.2 163
Muj 50.4 68.4 23.1 16.9 158
Muj 59 75.3 23.5 17.1 158
Muj 45 66.2 22.8 16 157.4
Muj 45.7 67.3 21.8 16.1 152.8
Muj 59.6 68.1 23.4 17.5 163.1
Muj 55.5 70 22.1 17.3 161.4
Muj 56.7 69.5 22.8 16.6 156.9
Muj 49.1 64.7 23.6 17.6 161.8
Muj 57.7 75.5 23.4 17.2 157.6
Muj 66.4 83.6 23.1 16.8 157.2
Muj 46.8 62.6 21.5 16 152.8
Muj 83 93.1 22.7 16.5 155.6
Muj 46.9 66.1 22.4 16.8 152.7
Muj 60.5 78.8 24.1 17.4 162
Muj 61.7 80.1 23.5 17.6 160.5
Muj 54.7 69.3 23.8 16.7 160
Muj 71.1 79.4 22.8 17.9 165
Muj 61.6 77 23.7 17.5 161
Muj 54.7 64.9 23.9 16.9 161.4
Muj 44.1 66.6 20.5 15.4 148
Muj 83.5 92.5 24.1 17.9 164.6
Muj 57.4 70.9 23.2 17.4 159.7
Muj 54 69.6 23.5 16.7 160.2
Muj 43.8 61.6 22.7 17.3 152.8
Muj 59.7 78.9 23.9 17.4 159.1
Muj 48.3 68.8 22.1 15.8 155.3
Muj 56.7 70.7 22 16.1 158.7
Muj 54.9 69.2 22.8 16.7 160.7
Muj 55.6 72.9 23.3 16.6 159.1
Muj 58.7 68.7 23.2 16.8 163.5
Muj 57.8 74.3 22.4 17.1 154.5
Muj 52.3 70.4 22.4 16.5 152.5
Muj 65.9 85.1 24.2 17.9 159.6
Muj 72.1 89.9 23 17.7 160.1
Muj 57.8 70 23.9 17.7 166.9
Muj 53.8 67 23.7 17.1 158.9
Muj 61 80.1 23 16.8 152.1
Muj 43.9 59.6 21.1 16.4 154.1
Muj 57.9 72 22.6 15.8 156.7
Muj 86.1 93.4 24.2 17.8 169.6
Muj 59.6 82 23.8 17.2 157.1
Muj 70.4 83.8 25.3 19.1 171
Muj 69.1 80.1 24 17.7 158.6
Muj 62.2 78.2 25.5 17.9 164.9
Muj 66.8 83.6 22.7 17 156.9
Muj 79 87.3 24.6 18 166.7
Muj 62.6 74.5 24.4 17.3 165.7
Muj 62.7 86.5 22.8 16.6 160.7
Muj 64.6 81.8 23.4 17.4 157.7
Muj 75.1 86 24.9 18.2 161.8
Muj 46.4 65.9 23.1 16.3 154.8
Muj 81.4 98.6 22.4 16.4 153.8
Muj 50.4 66.3 23.7 16.8 158.9
Muj 55.7 70 25 17.9 164.1
Muj 56.3 76.6 24 18.1 157.1
Muj 66 82.5 22.7 15.9 157.9
Muj 48.9 72.9 22 15.1 148.2
Muj 58.8 75.7 22.2 15.7 154.1
Muj 59.5 80.6 23.7 17.3 154.7
Muj 83.9 87.5 25.4 17.1 168.4
Muj 71.8 79.5 24.5 17.6 163.5
Muj 76.1 79.6 24.8 17.3 162.2
Muj 55.3 71.8 23.8 16.6 158.5
Muj 67.7 84 23.6 17.5 155.6
Muj 61.1 82.4 22.5 16 150.6
Muj 82 94.5 24.3 17.3 161.7
Muj 61.1 78.5 23.5 17.5 163.7
Muj 55.3 76 22 15.6 151.4
Muj 57.2 83.9 21.5 15.7 148.3
Muj 62.9 81.3 25.2 17.7 159.2
Muj 65.4 90.3 22.1 15.9 153.9
Muj 60.3 69.9 23.8 17.8 167.5
Muj 85.7 104.5 23.9 17 159.3
Muj 50.7 73.8 23.2 16.7 153.6
Muj 58.3 78.3 25.1 17.7 163.3
Muj 59.2 77.2 23.6 17.2 153.5
Muj 54.3 70.3 23.8 17.3 156.5
Muj 68.9 82.4 24.8 17 163.7
Muj 56.4 72.4 22.6 16.9 162.3
Muj 54.6 65.5 25.9 18.4 166.4
Muj 63.7 82.4 24.8 17.9 163.9
Muj 56.3 77.6 23.5 16.2 158.1
Muj 62.4 71.3 24 17.8 161.9
Muj 90.8 88.5 25.8 19 173.6
Muj 78.2 80 25.5 19 170.5
Muj 59.7 74.3 24 17.9 153
Muj 58.4 74.1 23.2 17.1 158.6
Muj 61.4 79.8 24 17.6 159.2
Muj 57.5 74.4 22.6 17.1 153.6
Muj 57.4 75.2 22.8 16.5 158.3
Muj 70.7 91 23.7 17.1 162.8
Muj 89.7 96.6 24.2 18.7 167.3
Muj 59.9 79.1 22.6 16.4 151.4
Muj 49.7 61.7 20.9 15.2 150.6
Muj 84.9 85.8 26.2 19.4 177.4
Muj 71.4 83 22.5 17 153.4
Muj 66.6 72.7 23.3 18.3 163.2
Muj 81.4 87.1 24.1 17.8 159.4
Muj 68 77.4 21 16.4 150.9
Muj 62.5 76 22.5 17.1 152.5
Muj 57.6 72.5 23.2 16.2 155.7
Muj 50.3 72.1 22.4 17.1 155.8
Muj 57 75.6 22.7 17.3 154
Muj 51.9 70 24.1 17.3 157.5
Muj 51 78.1 21.3 16 149.1
Muj 63.7 74.3 23.4 17.7 158.9
Muj 48.3 64.1 24.1 17.1 165.2
Muj 61.5 85.1 21.9 16.8 153.4
Muj 71.5 94.5 23.1 16.9 155.1
Muj 76 83 25 18.3 170.2
Muj 61.3 68.5 22.9 16.9 159.6
Muj 83 92.7 24.1 18.1 166.3
Muj 61.1 74.5 22.9 17.6 157.4
Muj 56.7 76.5 22.8 16.9 159.8
Muj 61.6 85.1 23.3 17.2 155.6
Muj 61.9 81.6 23.7 16.2 151.8
Muj 68.6 70.6 24.4 17.8 163.2
Muj 49 68.6 21.2 15.8 143.1
Muj 53.1 66.3 22.4 16.5 151.5
Muj 82.7 95.1 24.9 17 162.4
Muj 95.4 106.7 23.7 17.3 154.4
Muj 64.3 74.7 23.8 17.5 156.9
Muj 65.8 80.7 23.9 18 160.8
Muj 68.5 90.3 22.6 16.7 150.1
Muj 57.7 77.8 22.2 15.6 150.1
Muj 65.8 81 24.3 17.5 164.4
Muj 62.6 75.6 23.9 16.8 158.7
Muj 66.2 92 22.2 16.4 149.9
Muj 46.2 64 23.3 17 153.4
Muj 60.8 75.5 24.2 17.4 156.9
Muj 68.2 83.3 22.9 17.5 153
Muj 54 70 25.2 18 166.9
Muj 64.5 80 23.3 17.2 162.7
Muj 71.8 91.3 23 17.1 154.3
Muj 76.4 86.3 23.9 17.4 159.4
Muj 65.6 93.6 22.3 14.9 151
Muj 43 64.4 22 15.3 149.1
Muj 82.6 89.2 23.3 17 158.6
Muj 43.4 61 23.6 17.1 155.1
Muj 49.8 72.3 21.5 15.1 149
Muj 58.7 75.5 24 17.1 154.5
Muj 87.8 96 25.8 18.4 171.4
Muj 70.5 80 24.5 17.9 164.6
Muj 75.9 86.6 22.8 16.1 156
Muj 101.8 97.4 25.8 19.1 166.2
Muj 76.8 92.6 23.4 17.6 157.4
Muj 81.8 97.1 24.3 18 154.7
Muj 58.3 74.3 22.1 16 148.6
Muj 67.5 82.1 24.5 18.5 158.6
Muj 57.3 76.5 22.8 16.1 150.4
Muj 42.7 62.1 20.6 14.6 145.5
Muj 49.4 67.3 22.2 15.8 150.7
Muj 53.4 67.7 24.7 17.1 166.8
Muj 51.6 63 22.2 16.4 150
Muj 48.4 67.9 22 16 146.4
Muj 54.5 67.1 24.2 17.4 166.1
Muj 59.3 65.7 23.5 16.2 163.7
Muj 61.8 74.3 22 16.1 152.1
Muj 63.8 77.1 24.1 17.3 157.3
Muj 45.2 64 22.5 16.6 158
Muj 47.9 69 20.5 15.2 145.9
Muj 70.4 80 23.5 18.3 159.7
Muj 66 82.3 22.9 16.4 154.3
Muj 59.2 73.5 24.1 17.3 161.4
Muj 48.8 69.4 22 16.4 151.1
Muj 61.2 83.2 21.9 16 151
Muj 72 89.9 22.4 16 157
Muj 52.3 66.2 22.3 15.9 156.6
Muj 44.2 60.1 22.1 15.9 149.7
Muj 45 60.5 22.2 16 155.4
Muj 60 72.4 24.3 17 158.1
Muj 55.2 77.2 21.4 15.7 150.1
Muj 60.3 78 22.9 16.2 155
Muj 48.9 72.1 22.9 16.4 151.8
Muj 66.6 81.4 24.1 17.5 152.3
Muj 51.9 67.1 22.1 16.2 159.7
Muj 46.9 65 22.3 16.3 158.1
Muj 45.2 60.8 21.7 15.5 151.8
Muj 53.3 64.4 24.2 17.2 159.8
Muj 53.9 67.7 23.8 16.8 156.6
Muj 59.7 73.7 24.9 17.9 159.7
Muj 62.6 74.7 23.3 16.9 164.4
Muj 55.7 75.3 22.7 17 153.2
Muj 53.8 71.2 22.5 16.7 157.4
Muj 73.4 97.4 22.5 15.8 154.5
Muj 57.8 71 24.6 17.7 156.5
Muj 57.6 72.3 22.3 15.9 157.7
Muj 59.9 69.5 24.5 17.4 168.5
Muj 65.8 82.4 23 17 157.6
Muj 77.7 91.7 23.2 16.5 154.7
Muj 59.6 68.3 24.7 18.1 161.8
Muj 50.8 60.4 21.6 15.4 148.2
Muj 56.4 74.5 21.9 16 155.3
Muj 57.1 74.8 24.6 17.5 167
Muj 51 73.4 22.1 16.8 156.4
Muj 62.6 75.9 23.4 16.6 159
Muj 71.3 77.6 24 16.6 165.3
Muj 56.8 69.6 23.5 18.3 166.2
Muj 64.6 77.5 23.5 17.2 158.6
Muj 69.1 86.5 22.5 16.5 150.5
Muj 55.1 71.5 21.6 15.8 151.5
Muj 69.3 86.3 22.9 16.5 157.1
Muj 55.5 67.2 24.2 17.2 162.1
Muj 67.7 82.5 25.4 18.3 162.7
Muj 61.1 77.2 22.2 16.3 155.6
Muj 60.5 79.5 23.7 17.7 156.9
Muj 62.2 72.7 23.9 17.2 156.2
Muj 61.2 73.5 24 16.6 164.3
Muj 51.5 64.4 22.6 17.4 157.6
Muj 58 74.6 23 16.6 162.1
Muj 57.3 82.6 22.6 16.6 157.5
Muj 52.3 79.7 21 16.1 144.7
Muj 56.9 72.1 23.3 17.6 162.9
Muj 71.7 95.6 23.4 17.8 155.2
Muj 49.6 63.9 22.7 17.4 158.7
Muj 66.2 89.6 23 16.5 155.1
Muj 44.5 74 20.6 15.5 147.6
Muj 71 95.8 23.5 16.6 150.1
Muj 56.7 74.3 23.1 17.5 159
Muj 53.8 72.6 23.9 16.1 161.2
Muj 62.3 73.6 23.9 17.1 163.4
Muj 59.1 82.5 21.2 15.8 145.3
Muj 45.9 65.4 21.5 16.5 154.5
Muj 65.8 78.4 22.8 17.4 156.8
Muj 62.1 82.3 21.6 17.4 151.7
Muj 53.2 70 24.6 17.5 157.6
Muj 77.1 87.5 21.5 17.4 158.1
Muj 63.4 78.2 22.7 16.6 160.2
Muj 64.3 87.6 22.3 15.7 148
Muj 60.4 83.5 22.9 16.3 153.4
Muj 70.2 83.6 23.5 17.2 157.1
Muj 58.3 77.8 24 17.9 158.5
Muj 54.1 74.3 21.5 16.3 150.8
Muj 54.5 70.5 22.1 16.6 152.4
Muj 66.8 85.2 21.8 15.5 150.4
Muj 61.2 80.8 24.3 17.6 155.3
Muj 62.1 84 22.9 16 154.7
Muj 60.7 73.6 23.5 16.5 157.9
Muj 65.3 82.4 23.7 18.1 154.6
Muj 51.5 74.2 22 15.6 149.3
Muj 66.4 83 24.1 17.4 157.5
Muj 68.3 77.4 21.9 15.7 147.6
Muj 47.8 66 21.2 14.6 149
Muj 66.4 81.8 22.2 16.1 148.9
Muj 49.4 63.4 22.2 16.3 150.3
Muj 74.6 82.7 23.6 17.2 158.4
Muj 64.7 83.2 21.5 15.3 146.7
Muj 59.7 93.3 21.4 15.5 143.4
Muj 59.2 73.1 24.3 17.5 167.4
Muj 50.5 67.1 23.4 16.7 165.4
Muj 66.9 90.6 20.8 15.3 141.8
Muj 69.4 83.1 23.5 17.3 159.6
Muj 62.2 76.2 22.5 16 153.5
Muj 56.3 71.1 23.5 17.5 154.3
Muj 68.3 76.6 23.6 16 162.7
Muj 52.9 72.1 23.4 16.5 159.1
Muj 49.2 66.2 21.5 15.8 148.6
Muj 66.3 82.8 22.8 16.7 160.4
Muj 73.5 82 25.2 18.3 163.8
Muj 50.4 67.4 24 17.4 161.4
Muj 66.4 70.1 24.2 17.1 168.8
Muj 66 87 22.4 16.3 150.1
Muj 65.2 90 22.4 16.2 153.2
Muj 53.9 67 24.2 17.4 159.7
Muj 59.1 80.3 23.3 17.3 151.2
Muj 66.3 83 22.6 15.7 152.4
Muj 67.2 85.3 21.9 16.8 154.7
Muj 53.6 68.2 21.3 14.6 149.8
Muj 54.3 75.5 21.5 15.8 147.3
Muj 64 87.2 22 17.1 152.3
Muj 52.5 71.2 21.7 15.9 151
Muj 64.5 85.4 23.5 17.3 157.7
Muj 54.4 71.1 22 15.8 156.2
Muj 72.1 86.2 24.3 16.8 156.3
Muj 54 67.4 24.6 17.7 165.2
Muj 65.3 77.3 24.1 17.5 161.3
Muj 63.8 81.5 23.9 16.9 161
Muj 58.9 77.9 23.5 16.5 159
Muj 49.9 68.8 22.8 16.1 149.4
Muj 66 79.7 23.6 16.2 156.1
Muj 45.4 63.2 22.2 15.9 149.7
Muj 61.6 81.6 22.2 16.2 153.2
Muj 58.7 77.9 21.7 16.1 156.6
Muj 73.2 89.6 23 16.3 151
Muj 63.4 82.6 22.3 16.8 148.3
Muj 55.5 73.6 21.8 16.5 156.4
Muj 70.6 78.1 22.7 16.8 154.3
Muj 60.1 79.8 21.7 15.3 151.4
Muj 59.9 80.8 23.4 16.8 146.5
Muj 63.2 82.8 23.4 17.1 154.2
Muj 56 74.4 23.3 16 155.7
Muj 62.2 77.2 24.2 18.1 159.9
Muj 48.5 61 22.4 16.2 156.7
Muj 53 67.1 22 15.3 153.6
Muj 62.3 83.6 22.2 16.2 152.5
Muj 60.4 79.3 22.7 15.9 152.4
Muj 64.9 80.6 22.8 16.5 156
Muj 71.6 96.5 22.8 16.5 150.3
Muj 72.7 87.8 23.3 16.3 156.5
Muj 57.8 72.7 23.4 16.9 157.5
Muj 53.6 73.3 22.9 16.3 155.3
Muj 46.2 62.9 22 16 154.2
Muj 62.8 80.4 23.5 16.5 156.6
Muj 74.4 91.3 24.7 18.1 160.5
Muj 55.5 79 22.1 15.8 150.2
Muj 56.9 74.9 21.4 14.9 152.1
Muj 57.2 71.3 24.2 17.2 156.3
Muj 53.1 69 22 16.1 151.7
Muj 69.1 77.3 24.1 16.9 159.8
Muj 50 63.6 22.4 16.1 154.7
Muj 69.4 80.8 25.2 17.9 167.2
Muj 60.9 66.7 23.9 18 166.6
Muj 80.3 96.1 24 17.8 153.8
Muj 53 68.7 21.6 16.1 157.3
Muj 60.7 77.9 22.7 16.5 160.1
Muj 50.4 69.5 22.1 15.5 152.6
Muj 47.5 65 21.5 16 151.2
Muj 50.9 71.6 22.4 17.4 151.5
Muj 45.9 64.2 22.1 15.7 154.3
Muj 77.4 94.6 23.4 17.3 156.4
Muj 64 83.6 22.5 16.3 154.7
Muj 60.7 81.2 22.2 16.2 150.5
Muj 60.9 75.6 22.3 16.2 152.2
Muj 55.8 67.3 24 16.8 161.2
Muj 56.2 67.6 23.4 17 155.3
Muj 61.7 79.3 23.4 16.5 153
Muj 52.9 68.8 22.1 16.3 148.6
Muj 62.4 70 25.7 18.4 175.3
Muj 55 66.6 24.5 17 154.7
Muj 65.6 74.4 24.4 17.8 164.3
Muj 58.1 78.7 23.2 16.4 154.7
Muj 53.7 69.2 22.5 17 153.4
Muj 43.1 64.2 22.2 16.7 150.8
Muj 47.1 58.3 23.6 16.8 157.6
Muj 53.6 64.5 22.2 15.9 155.5
Muj 57.6 69.4 24.4 17.6 163.3
Muj 61.6 80.2 22.5 15.8 152.5
Muj 59.1 79.4 22.1 15.9 151.6
Muj 50.8 67.2 22.8 16.7 157.6
Muj 64.8 71.1 25 17.2 161.9
Muj 53.7 71.7 22.8 15.6 153.8
Muj 51.9 65.2 24.2 18 155.1
Muj 47.2 63 22.7 16.7 158.4
Muj 81.5 104.1 23.5 17.4 156.5
Muj 51.1 73 21.4 15.2 140.6
Muj 59.7 70.5 24.6 17.1 162.8
Muj 71.5 87.7 23.2 16.3 146.5
Muj 50.1 75 23 16.4 150.6
Muj 65.1 89.8 22.3 16.1 144.4
Muj 62.6 91.8 22.2 15.6 146.4
Muj 73.7 89.5 24.3 17.1 154.5
Muj 60.1 78.4 21.8 15.2 143.6
Muj 73.4 83.5 24.9 18 170.5
Muj 51.8 73 21.1 15.7 146.5
Muj 59.3 73.8 23.6 17 155.6
Muj 42.8 62 21.9 15.9 147.7
Muj 54.9 66.9 22.6 16.7 157.3
Muj 69.5 73 23.5 17.2 162.3
Muj 53.2 70.7 22.3 16.5 154.4
Muj 50.9 66.7 22.3 15.9 157.8
Muj 56.8 73.3 22 15.6 153.3
Muj 49 65 21 15.9 155.8
Muj 56 69.7 23.3 16.6 153.2
Muj 52.2 66.2 22.5 15.6 156
Muj 53.2 72 22 16.2 152
Muj 56 68.1 22.3 16.6 157.6
Muj 51.5 70.9 22.4 16.1 152.6
Muj 61.3 73.9 22.1 15.6 153.2
Muj 56.8 65.3 24.4 17.2 170.7
Muj 74.1 85.2 23.5 17.4 161.2
Muj 63 88.3 23.2 16.5 149.8
Muj 60.6 76.4 22.9 17.1 163.6
Muj 68 75.2 24.1 17.1 162.4
Muj 85 105.5 23.5 16.7 150.5
Muj 64 81.6 22.7 16.2 149.6
Muj 61.5 73.3 23.4 17.3 160
Muj 59 74.9 22.3 16.1 150.2
Muj 64 84.1 23.5 17.3 161.2
Muj 68 87.5 22.4 16.5 155.7
Muj 53.5 71.9 22 17 152
Muj 56 70 22.8 16.3 148
Muj 54 73.9 22 16.3 152.4
Muj 50 69.6 22.8 16.2 154.1
Muj 65 74.5 23.2 17.6 162.1
Muj 62 77.6 23.1 17 154.7
Muj 55 75.4 22.6 16.7 151
Muj 60 78.9 21.8 16.3 152.1
Muj 57.2 74.9 21.8 15.8 153.3
Muj 57.4 74.4 22.9 17.4 164.3
Muj 52.9 68.8 22 16.7 153
Muj 68.9 79.5 22.9 16.7 157.6
Muj 61.5 79.6 22.6 16.3 153.5
Muj 67.6 79.6 23.7 16.8 156.6
Muj 56 73.7 22.4 16.2 153.4
Muj 60.2 76.6 22.1 16.1 152.5
Muj 57.3 73.9 22.9 16.1 158.7
Muj 46.9 72.6 22 16.2 156.4
Muj 60.3 74.3 23.6 17.1 157.8
Muj 48 70.1 22.1 15.9 149.3
Muj 55.1 74.1 23.1 17.1 155.6
Muj 53 72.7 22.4 17.3 153.5
Muj 47.1 66.1 22.9 16.6 156.9
Muj 56.7 84.6 21.8 15.6 147.8
Muj 53.9 79 22.8 16.4 153.7
Muj 58.7 68.8 24.5 17 156.2
Muj 54.5 76 24.4 17.4 155.2
Muj 54.8 71.5 21.9 16.1 151.1
Muj 58.6 75.4 21.4 16 145.7
Muj 49.1 68.4 21.9 16 153.4
Muj 48 69.6 21.5 16.2 147.5
Muj 58.9 70.9 24.5 17.4 166.3
Muj 44.9 62.5 22.3 16.6 147.3
Muj 55.7 73.1 22.7 16.6 149
Muj 58.5 77.6 22.5 16.4 152.4
Muj 69.9 88.4 25.2 18.5 164.9
Muj 57.3 73.4 22.4 16.6 151.3
Muj 52.7 67.2 23.4 16.6 154.2
Muj 46.9 60.3 22.7 17.2 156.2
Muj 65.3 72 24.5 17.5 162.1
Muj 46.9 71.2 21 15.3 145.7
Muj 67.8 77.4 21.7 16.7 149
Muj 61.9 81.2 23.1 16.6 157.2
Muj 60.5 72.2 23.7 17.2 160.6
Muj 53.2 68.5 22.6 17.1 157.5
Muj 54.8 68 22 15.7 158.6
Muj 57.5 70.6 23 17 160.4
Muj 47.9 61.4 21.6 16.5 154.3
Muj 89.6 105 24.4 18.4 163.4
Muj 75 83.6 24.4 17.6 158
Muj 76.2 85.2 23.1 16.5 158.3
Muj 59.9 73.9 23.1 16.4 156.3
Muj 48.4 67.7 21.2 16.7 155
Muj 59.4 73.9 21.4 16.7 147.8
Muj 67.7 82.9 22.4 16.5 156.6
Muj 64.5 80.7 23.5 16.8 156.6
Muj 60.3 74 22.8 17.3 164.4
Muj 50.2 66 22.2 16.1 156.9
Muj 77.3 96.4 24 17.6 156.7
Muj 63.1 76.5 22.4 16.6 159.8
Muj 56.5 67.7 24.6 17.4 161.1
Muj 48.6 62.7 22.6 16.5 159.6
Muj 60.3 73.4 23.8 17.5 159.2
Muj 52.2 75.1 22.3 16.3 151.3
Muj 61.6 75.4 23.7 16.7 162.4
Muj 55.1 70 24 16.6 161.2
Muj 47.4 63.1 24.5 18 165.3
Muj 77 89.1 22.8 16.8 150.6
Muj 45.2 69 21.7 16.5 154.2
Muj 61.1 75.3 22.5 16.8 162.1
Muj 57.6 79.8 21.8 16 148.9
Muj 63.6 77.3 22.5 17.4 152.7
Muj 51.4 72.8 21.7 16.4 147.3
Muj 53.9 61.6 23.1 17.7 160.9
Muj 48.2 73.1 22.1 15.6 146.4
Muj 51.5 63.1 24.9 17.4 169.2
Muj 51.1 67.3 22.5 17 155.1
Muj 71.2 74.2 24.6 17 164.3
Muj 60.4 75.8 23.9 17.2 158.4
Muj 61.6 78.6 22 15.7 150.4
Muj 75.8 88.1 23.2 17.5 157.4
Muj 42.6 64.2 22.9 16.1 150.3
Muj 55.8 76.9 24.7 17 154.5
Muj 62.3 76.3 23.6 16.4 154.2
Muj 59.8 70.1 24.3 17.5 160.5
Muj 80.3 95 23.6 16.4 153.2
Muj 54.3 71 21.5 16.3 149.5
Muj 52.9 74.5 21 15.8 145.6
Muj 74.8 87 22.6 16.1 150.6
Muj 63 80 25.4 17.5 166.7
Muj 63.9 75.4 23.1 16.4 157.4
Muj 59.1 73.3 22.6 16.9 161.7
Muj 54.4 76 21.1 15.6 151.6
Muj 54.5 80 22 16.3 148.6
Muj 65.1 82 23.2 16.9 155.9
Muj 57.4 71 22.3 16.1 152.4
Muj 50.9 71.4 21.6 15.8 143.6
Muj 62.4 84.9 23.4 16.5 150.4
Muj 50.1 73 23.1 16.2 152.3
Muj 56.5 79.8 21.5 15.5 143.6
Muj 54.9 77.2 22.9 16.9 147.9
Muj 74.9 87.7 23.4 17.1 152.5
Muj 54.7 76.3 21.8 16.1 152.8
Muj 64.2 79.9 22.8 16.6 157.1
Muj 68.9 95.5 23.8 17 153.9
Muj 54.9 76.8 22.3 16.9 151.6
Muj 51.8 69.9 22.7 16.7 154.8
Muj 55.6 74.1 21.6 15.5 150
Muj 54.4 72.6 23 17.1 158.6
Muj 46.8 70.2 21.3 16 147.2
Muj 55.8 74.8 22 15.8 150.6
Muj 63.1 72.7 23.7 17.8 168.9
Muj 67.8 80.2 22.6 17.3 160.7
Muj 48.2 66.8 21.8 16.6 152.5
Muj 53.8 77.8 22.1 15.8 153.5
Muj 48.8 63.6 23.2 17.4 160.9
Muj 68.1 96.8 21.9 16.4 148
Muj 62.2 81 23 15.9 155.7
Muj 61.8 72.9 22.7 17.2 155.9
Muj 70.3 82.9 24.5 17.2 159.7
Muj 84.2 103.6 22.7 17.1 153.5
Muj 46.6 68.2 21.4 15 146.6
Muj 73.5 94.3 22.1 16.5 145.7
Muj 65 79.8 23.5 16.9 157.9
Muj 60 75.6 23.7 16.7 154.9
Muj 52.3 70.1 22.4 16.3 157.5
Muj 53.4 81.7 21.7 15.8 147.5
Muj 63.7 78.6 23.3 16.5 158.3
Muj 39.6 62.4 22.8 16.4 142.1
Muj 63.8 86.3 22 15.8 144.7
Muj 64 84.2 22 16.3 148.3
Muj 72 97.6 22.8 16.7 152
Muj 60.9 77 22.2 16.1 154.4
Muj 54.5 72.8 23.1 17 150.4
Muj 52.6 73.8 22.5 15.5 148.8
Muj 52.6 67.4 22.5 16.5 159.4
Muj 55.6 73.6 22.5 16.7 153.8
Muj 62.1 77 23 16.9 153.2
Muj 48.7 69 22.4 15.6 152.4
Muj 67.9 87.1 22.9 16.8 149.9
Muj 62.4 76.7 23.4 17.2 155.7
Muj 56.2 76.5 23.3 16.7 150.6
Muj 65.3 82.6 22.5 16.3 152.8
Muj 63.2 86.1 21 15.4 149.2
Muj 49.2 64.4 22.3 15.2 155.4
Muj 51.7 71.3 20.7 15.9 147.8
Muj 53.7 74.7 22.5 16.6 155.1
Muj 67.1 78.4 23.8 17.3 160.2
Muj 48.4 74.4 21 15.5 147.4
Muj 56.2 72.7 22.9 15.9 154.7
Muj 51.6 75 21.8 15.8 144.1
Muj 58.2 77.4 23.2 17.2 161.7
Muj 59.2 78.1 23.7 17.5 161.7
Muj 53.4 83.2 23.1 16.1 152.5
Muj 53.4 69.2 24.3 16.5 157.6
Muj 47.6 61.5 24 16.8 164.3
Muj 61.5 74.7 22.5 16.6 152.7
Muj 61.3 79.1 21.2 15.8 148.7
Muj 50.8 67.9 23.4 17 159.7
Muj 47.5 64 22.2 15.7 149.1
Muj 61.3 77.8 22.4 16.2 150.1
Muj 52.7 77.4 23.5 17.5 152.7
Muj 42.3 70.1 22 15.7 143.6
Muj 77.6 89 24.9 17.7 161.4
Muj 69.3 81.8 24.4 17.6 164.9
Muj 60.4 77.8 24.9 18.3 168.2
Muj 50.8 67.1 22.7 15.5 157.6
Muj 57.5 81.9 22.3 15.1 155.8
Muj 53.6 84.5 23 16 148.7
Muj 59.9 75 21.9 15.6 150.5
Muj 53.9 74.4 21.3 15.1 148.7
Muj 59.4 72.3 24.5 17.1 158.7
Muj 50.3 75 22.6 15.6 148.9
Muj 62.9 78.3 21.4 16.3 150.2
Muj 66.3 75.9 25.2 18.1 170.4
Muj 59.2 75.7 22.5 15.8 153.7
Muj 69.6 84.3 22.5 16.5 158.9
Muj 56 73.2 22.9 16.1 163.1
Muj 59.2 78.9 22.7 15.9 153.7
Muj 58.4 78.7 22 15.7 152.6
Muj 60.3 78 22.3 15.7 149
Muj 46.4 62.9 23.6 17.3 157.6
Muj 50.7 70.2 23.8 17.1 166.1
Muj 47.3 63.2 22.4 16.6 153.9
Muj 61 78.9 23.3 16.4 162.2
Muj 62.1 72.4 23.7 16.5 165
Muj 53 78.7 22 16.1 151.8
Muj 50.3 66.3 23.4 16.4 163.3
Muj 62.6 83.9 22.2 15.9 155.1
Muj 57.5 74.6 23.1 16.3 154.8
Muj 52.8 66.8 22.8 16.6 159.5
Muj 70.4 82.3 24.4 17.5 163.4
Muj 47.5 63.1 21.5 16.5 154.6
Muj 55.3 73.7 25.2 17.9 163.1
Muj 44.2 64.1 21.6 15.7 148.3
Muj 50.7 67.7 23 16.8 155.3
Muj 55.4 76.2 21.1 15.2 146.9
Muj 70.4 91.4 23 16.6 159
Muj 68.2 88 23.9 16.7 155.4
Muj 52.5 75.2 23.5 16.1 151.2
Muj 61.6 71.7 23.1 16.2 156.1
Muj 71.8 86.7 24.3 17.6 157.6
Muj 61.7 80.2 22.7 16.8 153
Muj 69.3 81.2 22.1 16 153.2
Muj 62.8 82 21.4 15.7 151.1
Muj 58.2 79.8 23.9 16 157.1
Muj 57.5 79.3 23 16.6 151.5
Muj 59.3 80.6 22.8 17.5 154.3
Muj 45.1 69.3 21.5 15.1 140.8
Muj 59.4 68.5 21.8 15.8 155.7
Muj 62.2 79.1 22.3 16.6 155.4
Muj 72.1 92.3 22.4 16.5 151.9
Muj 55 84.2 21.8 16.4 149.4
Muj 53.9 73.8 21.4 14.6 140.7
Muj 70.9 95.6 20.9 15.3 149.5
Muj 47.6 64.9 23.4 16.4 156.2
Muj 55.6 78.7 21.3 15.2 143.7
Muj 54.8 74.2 22.4 16.4 158.5
Muj 47.3 68.2 22.7 16.3 156.3
Muj 63.1 82.4 21.5 15.3 152.3
Muj 63 84.9 24.1 17.4 158.3
Muj 54.5 79.3 22.5 16.9 151.8
Muj 55.8 78 21.9 15.9 148.9
Muj 49.4 67.6 22.6 16.7 154.4
Muj 51.5 71 22.1 16.2 157.7
Muj 55.4 74.3 24 16.2 155.2
Muj 63.6 80.2 22 17.1 151.1
Muj 45.1 61 22.2 15.7 159.7
Muj 57.9 78.7 24.1 16.4 159
Muj 46.1 62.5 22.5 16.1 152.6
Muj 59.5 73.2 23.9 17.8 162
Muj 56.6 67.9 23 16 156.1
Muj 87.2 99.9 21.6 14.8 144.2
Muj 60.4 72.3 22.4 17.1 156.6
Muj 66 75.8 24 17.4 167.1
Muj 55.5 68.9 21.4 15.4 145.5
Muj 46.8 64.5 22.7 16.7 160.4
Muj 54.3 66.7 22.4 16.5 155.4
Muj 51.4 64.4 22.8 16.8 155.1
Muj 54.2 65.5 22.4 16 159.4
Muj 51.4 68.5 21.9 15.9 150.6
Muj 42.9 65.5 21.2 15.6 147.7
Muj 52.6 68.4 22.4 15.8 155.3
Muj 47.7 62.5 22 16 151
Muj 85.5 99 24.5 18.2 172.5
Muj 65.6 87.2 22.4 16 147.3
Muj 53.9 67.1 23.9 17.7 151.3
Muj 50.1 69.4 21.3 15.6 150.9
Muj 61.8 79.9 21.8 15.3 146.4
Muj 67.4 91.1 23.6 16.7 152.5
Muj 68.4 81 23 15.9 148.8
Muj 62.6 72.9 23.7 17.1 159.8
Muj 64.4 86 23 16.8 151.3
Muj 71.7 80.3 23.7 16.6 156.9
Muj 68.8 84.5 24.2 17.5 159.6
Muj 68.1 87.9 23.7 17.4 158.6
Muj 61.2 74.5 23.3 16.4 155.5
Muj 61.2 72.5 22.4 15.4 150.9
Muj 64.5 91.5 22.8 16 152.7
Muj 69.4 82.5 23.5 17 153.5
Muj 53.9 69.5 22 16 154.6
Muj 53.6 74 21.4 15.4 149.2
Muj 57.1 71.9 23 17.1 154.7
Muj 59.5 80.5 23 16.7 150.5
Muj 81.7 96.1 23.3 17.1 161.4
Muj 83.6 103.4 22.9 16.9 157.2
Muj 52.8 70.9 24 17.6 155.5
Muj 55.4 72.3 22.6 15.8 151.7
Muj 48.8 62.2 23.5 16.9 160.5
Muj 56.4 69.2 25 17.7 161.2
Muj 49.1 61.2 23.9 16.5 160.4
Muj 65 81.3 22.6 16.4 156.7
Muj 69.8 89.5 23.5 16.8 162.7
Muj 64 78.4 23.3 16.6 155.3
Muj 62 81.5 23.6 16.5 157.8
Muj 58.1 74.1 22.2 15.8 157.9
Muj 66.9 76.5 23 17 161.2
Muj 54.8 66.3 22 16.5 159
Muj 65.2 74.7 22.8 15.9 148.9
Muj 58.1 76.5 23.5 16.9 159.3
Muj 56.5 69.3 24 18.2 163.5
Muj 59.3 76.5 22.2 16.2 156.1
Muj 51.7 72 21 15.7 153.1
Muj 51.7 62.1 22 15.9 154.8
Muj 69.6 90.4 22.3 16 152.2
Muj 54.2 70.1 23.8 17 150.4
Muj 78.6 86.4 23.6 17.9 160.7
Muj 56.9 72.4 23 16.7 151.4
Muj 56.9 80.2 22.7 16.1 151.6
Muj 47.1 63.3 22.4 16.8 156.2
Muj 60.4 72.5 24 17.5 166.4
Muj 62.7 68.6 25.2 18.2 165.5
Muj 53.2 66.1 22.8 16.5 154.8
Muj 74.5 87.7 23.6 16.6 157
Muj 53.6 67.3 22.7 16.5 160.9
Muj 54.5 75.2 22.9 16.4 150.4
Muj 46.8 70.4 20.6 15.7 144.1
Muj 62.7 74.9 23.1 17.1 157.4
Muj 72.1 93.6 22.5 16.5 152
Muj 75.8 88.4 25.4 18.6 165.8
Muj 53.6 72.7 22.6 16.4 145.5
Muj 71 93.4 22.7 17.3 157.4
Muj 67.7 91.9 20.6 16 148.1
Muj 57.2 76.6 22.8 16.3 147.4
Muj 55.1 80.7 22 16.8 145.8
Muj 68.3 79.8 23.7 17.1 153.4
Muj 65.4 84 23.5 17.2 157.5
Muj 66.1 79.6 23.7 17 161.3
Muj 67.7 96.3 23.4 16.6 151
Muj 59.8 80.3 23.6 16.9 152.8
Muj 48 65.1 22.9 17 154
Muj 58.9 80.3 22.4 16.1 149.4
Muj 70.8 93.2 21.5 16.5 146.6
Muj 68.2 93.3 24.1 18.5 161.3
Muj 70.4 84 23.4 16.9 154.4
Muj 73.3 95 22.6 16.6 149.7
Muj 58.3 82.1 22.5 16.6 146.7
Muj 50.3 71 21.9 15.5 151.4
Muj 53.5 74.8 23.7 17.6 163.6
Muj 53.5 74.4 23.6 16.6 152.1
Muj 61.3 84.5 22.7 16.8 156.1
Muj 56.1 69.1 23.2 17.3 153.3
Muj 59.1 82.6 21.6 16.2 152.6
Muj 53 69.8 24.3 17.6 157.6
Muj 58 80.2 22.6 16.2 147.4
Muj 66.5 86.4 22.5 16.8 147.7
Muj 44.2 60.7 22.1 16.5 156.3
Muj 49.1 70.3 22 16.4 156.3
Muj 51.4 65.9 21.6 15.8 150.3
Muj 56.5 69.4 20.6 15.5 152.1
Muj 54.5 77.1 21.1 15.2 152.6
Muj 79.7 104.1 22.2 16.1 154.5
Muj 61.3 74.3 23.4 16.8 159.4
Muj 50.8 70.1 21.9 15.9 150.8
Muj 54.5 77.5 21.9 15.6 145.5
Muj 46.2 62.1 22 16.2 151.4
Muj 64.3 74.3 24 16.6 161.7
Muj 47.7 68.2 21.7 16 155.8
Muj 49.4 67.5 22.7 16 153.1
Muj 56.7 65.1 23.8 16.8 160.7
Muj 65.7 85.3 22.5 15.9 156.3
Muj 46.4 70.6 21.1 16 144.8
Muj 59.3 74.8 23.6 17.5 159.3
Muj 53.7 63.7 23 15.5 155.6
Muj 60 76.3 23.3 16.6 156.8
Muj 54.8 70.4 22.1 15.1 149.5
Muj 54.5 69.9 23.5 16 159.5
Muj 63.6 73.4 23.6 17.2 158.3
Muj 50.2 69.1 22.6 16.1 157.1
Muj 55.9 68.9 23.3 16.7 162.3
Muj 66.7 79.9 23.5 17.1 155.7
Muj 74.3 74.8 23.5 17.6 169.6
Muj 68.9 76.7 24 16.9 164
Muj 49.6 65.2 23.4 16.6 154.6
Muj 52 67.2 22.2 16.5 152
Muj 42.3 60.2 21.5 15.1 147.9
Muj 55.3 73.6 21 15.7 148.8
Muj 50.9 66 21.7 15.9 151.5
Muj 48.9 61.5 22.6 16.3 157.9
Muj 63.5 76.7 22.2 16.4 153
Muj 61 71 23 17.4 157.9
Muj 46.7 62.5 23.5 16.6 156.7
Muj 49.2 66.2 21.4 15.7 149.9
Muj 56 67.3 23.2 17.3 160.4
Muj 61.5 70.3 23 16.1 160.2